1311870427.199 -0.1443 -0.3545 1.5209 -0.4879 0.6686 -0.4505 0.3348 
1311870427.2322 -0.1448 -0.3544 1.5220 -0.4868 0.6683 -0.4511 0.3360 
1311870427.2622 -0.1452 -0.3542 1.5226 -0.4869 0.6683 -0.4512 0.3358 
1311870427.2989 -0.1458 -0.3541 1.5234 -0.4867 0.6685 -0.4505 0.3366 
1311870427.3323 -0.1460 -0.3541 1.5237 -0.4868 0.6689 -0.4495 0.3371 
1311870427.3622 -0.1462 -0.3540 1.5240 -0.4867 0.6692 -0.4491 0.3372 
1311870427.3988 -0.1464 -0.3539 1.5244 -0.4864 0.6691 -0.4497 0.3368 
1311870427.4322 -0.1467 -0.3537 1.5247 -0.4864 0.6692 -0.4499 0.3365 
1311870427.4622 -0.1470 -0.3535 1.5248 -0.4865 0.6693 -0.4494 0.3367 
1311870427.4989 -0.1474 -0.3532 1.5250 -0.4871 0.6695 -0.4483 0.3370 
1311870427.5325 -0.1478 -0.3531 1.5253 -0.4876 0.6695 -0.4475 0.3372 
1311870427.5622 -0.1480 -0.3528 1.5254 -0.4882 0.6691 -0.4477 0.3369 
1311870427.5989 -0.1483 -0.3526 1.5256 -0.4881 0.6692 -0.4475 0.3373 
1311870427.6322 -0.1486 -0.3525 1.5260 -0.4881 0.6689 -0.4475 0.3377 
1311870427.6623 -0.1488 -0.3525 1.5264 -0.4882 0.6687 -0.4478 0.3375 
1311870427.699 -0.1493 -0.3525 1.5269 -0.4884 0.6687 -0.4478 0.3374 
1311870427.7322 -0.1493 -0.3527 1.5273 -0.4870 0.6651 -0.4510 0.3422 
1311870427.7625 -0.1498 -0.3528 1.5277 -0.4874 0.6648 -0.4505 0.3428 
1311870427.7989 -0.1502 -0.3529 1.5280 -0.4872 0.6646 -0.4508 0.3430 
1311870427.8329 -0.1505 -0.3529 1.5283 -0.4870 0.6640 -0.4516 0.3433 
1311870427.8622 -0.1507 -0.3529 1.5284 -0.4877 0.6639 -0.4513 0.3431 
1311870427.8989 -0.1511 -0.3529 1.5285 -0.4886 0.6642 -0.4498 0.3432 
1311870427.9322 -0.1512 -0.3525 1.5285 -0.4906 0.6632 -0.4493 0.3428 
1311870427.9623 -0.1514 -0.3525 1.5286 -0.4919 0.6627 -0.4489 0.3425 
1311870427.999 -0.1516 -0.3526 1.5288 -0.4914 0.6625 -0.4500 0.3422 
1311870428.0322 -0.1517 -0.3527 1.5288 -0.4907 0.6626 -0.4506 0.3421 
1311870428.0623 -0.1519 -0.3528 1.5289 -0.4906 0.6626 -0.4507 0.3421 
1311870428.0989 -0.1520 -0.3530 1.5290 -0.4904 0.6626 -0.4510 0.3421 
1311870428.1322 -0.1522 -0.3530 1.5291 -0.4902 0.6625 -0.4513 0.3423 
1311870428.1623 -0.1523 -0.3529 1.5292 -0.4903 0.6623 -0.4514 0.3424 
1311870428.1989 -0.1524 -0.3529 1.5293 -0.4905 0.6620 -0.4515 0.3425 
1311870428.2323 -0.1524 -0.3528 1.5293 -0.4906 0.6620 -0.4513 0.3427 
1311870428.2623 -0.1523 -0.3521 1.5294 -0.4905 0.6620 -0.4508 0.3433 
1311870428.2989 -0.1524 -0.3522 1.5294 -0.4906 0.6622 -0.4506 0.3432 
1311870428.3322 -0.1524 -0.3522 1.5295 -0.4901 0.6623 -0.4509 0.3434 
1311870428.3623 -0.1524 -0.3521 1.5295 -0.4903 0.6618 -0.4513 0.3434 
1311870428.3989 -0.1524 -0.3520 1.5294 -0.4912 0.6611 -0.4521 0.3426 
1311870428.4324 -0.1524 -0.3519 1.5293 -0.4911 0.6610 -0.4522 0.3426 
1311870428.4622 -0.1525 -0.3519 1.5293 -0.4912 0.6609 -0.4519 0.3430 
1311870428.4989 -0.1525 -0.3520 1.5291 -0.4918 0.6612 -0.4510 0.3428 
1311870428.5323 -0.1525 -0.3520 1.5292 -0.4916 0.6608 -0.4516 0.3431 
1311870428.5623 -0.1525 -0.3521 1.5293 -0.4915 0.6607 -0.4519 0.3430 
1311870428.599 -0.1526 -0.3522 1.5295 -0.4913 0.6612 -0.4510 0.3435 
1311870428.6324 -0.1526 -0.3521 1.5295 -0.4917 0.6609 -0.4506 0.3442 
1311870428.6623 -0.1525 -0.3520 1.5296 -0.4921 0.6604 -0.4510 0.3440 
1311870428.6989 -0.1524 -0.3518 1.5296 -0.4921 0.6600 -0.4516 0.3440 
1311870428.7325 -0.1523 -0.3518 1.5297 -0.4920 0.6601 -0.4514 0.3441 
1311870428.7622 -0.1523 -0.3517 1.5297 -0.4923 0.6601 -0.4510 0.3443 
1311870428.7989 -0.1522 -0.3516 1.5299 -0.4928 0.6596 -0.4509 0.3445 
1311870428.8323 -0.1522 -0.3516 1.5299 -0.4927 0.6597 -0.4510 0.3446 
1311870428.8623 -0.1522 -0.3517 1.5299 -0.4925 0.6597 -0.4510 0.3447 
1311870428.899 -0.1521 -0.3517 1.5299 -0.4929 0.6595 -0.4509 0.3447 
1311870428.9323 -0.1520 -0.3517 1.5300 -0.4933 0.6595 -0.4506 0.3444 
1311870428.9623 -0.1519 -0.3517 1.5301 -0.4933 0.6592 -0.4509 0.3446 
1311870428.999 -0.1516 -0.3517 1.5302 -0.4939 0.6590 -0.4508 0.3444 
1311870429.0323 -0.1516 -0.3518 1.5304 -0.4941 0.6590 -0.4504 0.3446 
1311870429.0623 -0.1516 -0.3519 1.5307 -0.4938 0.6593 -0.4500 0.3450 
1311870429.099 -0.1515 -0.3520 1.5308 -0.4936 0.6594 -0.4500 0.3450 
1311870429.1323 -0.1515 -0.3518 1.5310 -0.4939 0.6589 -0.4504 0.3451 
1311870429.1623 -0.1515 -0.3518 1.5312 -0.4945 0.6585 -0.4506 0.3446 
1311870429.199 -0.1516 -0.3518 1.5315 -0.4942 0.6586 -0.4508 0.3447 
1311870429.2323 -0.1515 -0.3520 1.5317 -0.4937 0.6584 -0.4513 0.3451 
1311870429.2623 -0.1515 -0.3522 1.5318 -0.4939 0.6587 -0.4508 0.3448 
1311870429.2991 -0.1514 -0.3526 1.5318 -0.4939 0.6588 -0.4510 0.3446 
1311870429.3323 -0.1513 -0.3529 1.5317 -0.4933 0.6591 -0.4514 0.3443 
1311870429.3623 -0.1512 -0.3532 1.5314 -0.4934 0.6592 -0.4515 0.3437 
1311870429.3991 -0.1513 -0.3535 1.5313 -0.4936 0.6594 -0.4513 0.3433 
1311870429.4323 -0.1514 -0.3538 1.5312 -0.4935 0.6592 -0.4516 0.3433 
1311870429.4624 -0.1516 -0.3540 1.5313 -0.4939 0.6589 -0.4518 0.3432 
1311870429.4989 -0.1524 -0.3551 1.5312 -0.4954 0.6590 -0.4511 0.3417 
1311870429.5324 -0.1524 -0.3553 1.5312 -0.4947 0.6591 -0.4516 0.3420 
1311870429.5623 -0.1523 -0.3556 1.5313 -0.4945 0.6590 -0.4521 0.3416 
1311870429.599 -0.1523 -0.3559 1.5314 -0.4936 0.6590 -0.4531 0.3416 
1311870429.6324 -0.1523 -0.3561 1.5314 -0.4932 0.6591 -0.4533 0.3418 
1311870429.6623 -0.1523 -0.3564 1.5314 -0.4934 0.6594 -0.4527 0.3417 
1311870429.699 -0.1523 -0.3566 1.5314 -0.4936 0.6591 -0.4530 0.3417 
1311870429.7323 -0.1523 -0.3568 1.5315 -0.4934 0.6592 -0.4532 0.3416 
1311870429.7623 -0.1524 -0.3570 1.5316 -0.4928 0.6595 -0.4534 0.3416 
1311870429.799 -0.1525 -0.3572 1.5317 -0.4929 0.6596 -0.4529 0.3420 
1311870429.8323 -0.1524 -0.3566 1.5317 -0.4935 0.6593 -0.4527 0.3419 
1311870429.8624 -0.1526 -0.3567 1.5317 -0.4937 0.6589 -0.4533 0.3414 
1311870429.899 -0.1527 -0.3568 1.5315 -0.4949 0.6585 -0.4531 0.3407 
1311870429.9323 -0.1527 -0.3569 1.5312 -0.4966 0.6581 -0.4523 0.3400 
1311870429.9623 -0.1527 -0.3570 1.5309 -0.4979 0.6583 -0.4512 0.3393 
1311870429.999 -0.1526 -0.3574 1.5306 -0.4980 0.6589 -0.4506 0.3388 
1311870430.0323 -0.1526 -0.3584 1.5305 -0.4975 0.6596 -0.4506 0.3382 
1311870430.0623 -0.1527 -0.3588 1.5306 -0.4971 0.6598 -0.4509 0.3380 
1311870430.099 -0.1527 -0.3592 1.5308 -0.4965 0.6597 -0.4520 0.3376 
1311870430.1323 -0.1528 -0.3595 1.5310 -0.4962 0.6595 -0.4524 0.3379 
1311870430.1624 -0.1529 -0.3597 1.5312 -0.4961 0.6597 -0.4523 0.3378 
1311870430.199 -0.1530 -0.3601 1.5315 -0.4958 0.6596 -0.4527 0.3379 
1311870430.2323 -0.1530 -0.3603 1.5317 -0.4962 0.6592 -0.4528 0.3380 
1311870430.2623 -0.1530 -0.3607 1.5319 -0.4959 0.6591 -0.4529 0.3384 
1311870430.299 -0.1531 -0.3614 1.5322 -0.4950 0.6588 -0.4539 0.3391 
1311870430.3324 -0.1532 -0.3622 1.5323 -0.4946 0.6590 -0.4543 0.3386 
1311870430.3623 -0.1532 -0.3631 1.5324 -0.4935 0.6595 -0.4548 0.3385 
1311870430.3991 -0.1533 -0.3642 1.5324 -0.4929 0.6600 -0.4550 0.3382 
1311870430.4324 -0.1534 -0.3650 1.5322 -0.4936 0.6602 -0.4545 0.3375 
1311870430.4624 -0.1536 -0.3659 1.5323 -0.4935 0.6607 -0.4544 0.3367 
1311870430.4991 -0.1541 -0.3670 1.5325 -0.4923 0.6611 -0.4552 0.3367 
1311870430.5324 -0.1547 -0.3682 1.5327 -0.4919 0.6615 -0.4552 0.3366 
1311870430.5624 -0.1548 -0.3689 1.5330 -0.4902 0.6615 -0.4564 0.3372 
1311870430.599 -0.1554 -0.3700 1.5331 -0.4899 0.6615 -0.4568 0.3372 
1311870430.6324 -0.1559 -0.3712 1.5330 -0.4905 0.6616 -0.4564 0.3366 
1311870430.6624 -0.1564 -0.3724 1.5331 -0.4904 0.6618 -0.4565 0.3364 
1311870430.6991 -0.1573 -0.3738 1.5331 -0.4904 0.6620 -0.4571 0.3352 
1311870430.731 -0.1581 -0.3750 1.5332 -0.4897 0.6625 -0.4575 0.3347 
1311870430.7624 -0.1589 -0.3766 1.5335 -0.4891 0.6621 -0.4586 0.3349 
1311870430.799 -0.1599 -0.3785 1.5336 -0.4889 0.6622 -0.4588 0.3346 
1311870430.8324 -0.1608 -0.3800 1.5337 -0.4884 0.6625 -0.4587 0.3348 
1311870430.8624 -0.1617 -0.3816 1.5336 -0.4886 0.6625 -0.4584 0.3349 
1311870430.899 -0.1630 -0.3835 1.5334 -0.4892 0.6627 -0.4579 0.3344 
1311870430.9324 -0.1644 -0.3856 1.5335 -0.4895 0.6629 -0.4581 0.3335 
1311870430.9624 -0.1655 -0.3878 1.5333 -0.4886 0.6634 -0.4586 0.3330 
1311870430.999 -0.1667 -0.3913 1.5334 -0.4875 0.6632 -0.4601 0.3328 
1311870431.0324 -0.1683 -0.3949 1.5334 -0.4864 0.6646 -0.4609 0.3306 
1311870431.0624 -0.1698 -0.3987 1.5335 -0.4844 0.6654 -0.4622 0.3301 
1311870431.0991 -0.1720 -0.4033 1.5340 -0.4826 0.6696 -0.4601 0.3271 
1311870431.1324 -0.1736 -0.4080 1.5342 -0.4811 0.6704 -0.4607 0.3269 
1311870431.1624 -0.1749 -0.4123 1.5341 -0.4795 0.6718 -0.4608 0.3261 
1311870431.1992 -0.1774 -0.4178 1.5337 -0.4789 0.6734 -0.4605 0.3244 
1311870431.2324 -0.1787 -0.4228 1.5336 -0.4766 0.6745 -0.4613 0.3243 
1311870431.2624 -0.1801 -0.4270 1.5333 -0.4756 0.6746 -0.4630 0.3231 
1311870431.299 -0.1820 -0.4327 1.5330 -0.4746 0.6758 -0.4637 0.3211 
1311870431.3324 -0.1833 -0.4378 1.5326 -0.4723 0.6764 -0.4659 0.3200 
1311870431.3624 -0.1859 -0.4420 1.5322 -0.4732 0.6776 -0.4643 0.3183 
1311870431.3991 -0.1874 -0.4472 1.5320 -0.4715 0.6781 -0.4656 0.3180 
1311870431.4324 -0.1890 -0.4517 1.5319 -0.4710 0.6779 -0.4662 0.3182 
1311870431.4624 -0.1909 -0.4557 1.5320 -0.4698 0.6791 -0.4662 0.3175 
1311870431.499 -0.1939 -0.4602 1.5325 -0.4690 0.6803 -0.4664 0.3158 
1311870431.5324 -0.1950 -0.4638 1.5327 -0.4676 0.6783 -0.4690 0.3183 
1311870431.5624 -0.1979 -0.4667 1.5333 -0.4662 0.6801 -0.4689 0.3165 
1311870431.5991 -0.2004 -0.4706 1.5343 -0.4664 0.6791 -0.4701 0.3167 
1311870431.6324 -0.2027 -0.4736 1.5354 -0.4639 0.6790 -0.4722 0.3174 
1311870431.6624 -0.2047 -0.4762 1.5364 -0.4639 0.6787 -0.4724 0.3178 
1311870431.6991 -0.2073 -0.4790 1.5376 -0.4637 0.6785 -0.4720 0.3192 
1311870431.7324 -0.2093 -0.4813 1.5388 -0.4625 0.6785 -0.4720 0.3208 
1311870431.7624 -0.2115 -0.4834 1.5400 -0.4624 0.6785 -0.4714 0.3220 
1311870431.7992 -0.2140 -0.4853 1.5414 -0.4619 0.6772 -0.4730 0.3229 
1311870431.8324 -0.2165 -0.4870 1.5429 -0.4631 0.6772 -0.4716 0.3234 
1311870431.8624 -0.2183 -0.4885 1.5441 -0.4627 0.6764 -0.4725 0.3241 
1311870431.8991 -0.2211 -0.4902 1.5455 -0.4642 0.6763 -0.4715 0.3238 
1311870431.9324 -0.2230 -0.4920 1.5470 -0.4635 0.6752 -0.4728 0.3254 
1311870431.9624 -0.2251 -0.4939 1.5482 -0.4642 0.6741 -0.4739 0.3249 
1311870431.9991 -0.2273 -0.4964 1.5496 -0.4634 0.6733 -0.4760 0.3245 
1311870432.0324 -0.2295 -0.4991 1.5512 -0.4618 0.6726 -0.4779 0.3254 
1311870432.0624 -0.2314 -0.5016 1.5523 -0.4614 0.6721 -0.4790 0.3255 
1311870432.0991 -0.2332 -0.5052 1.5535 -0.4596 0.6712 -0.4819 0.3257 
1311870432.1324 -0.2351 -0.5083 1.5544 -0.4576 0.6713 -0.4849 0.3238 
1311870432.1625 -0.2359 -0.5117 1.5548 -0.4587 0.6706 -0.4862 0.3218 
1311870432.1991 -0.2380 -0.5151 1.5552 -0.4619 0.6708 -0.4832 0.3214 
1311870432.2324 -0.2390 -0.5189 1.5557 -0.4613 0.6714 -0.4816 0.3232 
1311870432.2624 -0.2396 -0.5221 1.5558 -0.4599 0.6708 -0.4824 0.3253 
1311870432.2991 -0.2414 -0.5258 1.5559 -0.4582 0.6720 -0.4839 0.3231 
1311870432.3324 -0.2422 -0.5291 1.5557 -0.4574 0.6711 -0.4867 0.3217 
1311870432.3624 -0.2428 -0.5314 1.5554 -0.4574 0.6701 -0.4891 0.3202 
1311870432.399 -0.2429 -0.5344 1.5548 -0.4580 0.6696 -0.4906 0.3180 
1311870432.4324 -0.2434 -0.5373 1.5544 -0.4602 0.6698 -0.4888 0.3174 
1311870432.4635 -0.2443 -0.5397 1.5542 -0.4643 0.6697 -0.4846 0.3179 
1311870432.4991 -0.2447 -0.5432 1.5543 -0.4643 0.6697 -0.4845 0.3181 
1311870432.5325 -0.2451 -0.5469 1.5547 -0.4628 0.6691 -0.4870 0.3178 
1311870432.5624 -0.2459 -0.5500 1.5554 -0.4621 0.6684 -0.4885 0.3177 
1311870432.5991 -0.2466 -0.5537 1.5555 -0.4623 0.6654 -0.4917 0.3191 
1311870432.6324 -0.2477 -0.5570 1.5553 -0.4616 0.6663 -0.4905 0.3199 
1311870432.6625 -0.2482 -0.5602 1.5554 -0.4613 0.6677 -0.4881 0.3213 
1311870432.6991 -0.2494 -0.5643 1.5556 -0.4626 0.6695 -0.4841 0.3215 
1311870432.7324 -0.2499 -0.5683 1.5551 -0.4623 0.6704 -0.4829 0.3220 
1311870432.7624 -0.2504 -0.5720 1.5547 -0.4603 0.6712 -0.4831 0.3227 
1311870432.7991 -0.2513 -0.5764 1.5539 -0.4588 0.6720 -0.4835 0.3227 
1311870432.8324 -0.2519 -0.5804 1.5530 -0.4588 0.6731 -0.4825 0.3218 
1311870432.8625 -0.2524 -0.5838 1.5524 -0.4581 0.6734 -0.4826 0.3221 
1311870432.8992 -0.2533 -0.5877 1.5519 -0.4580 0.6731 -0.4824 0.3233 
1311870432.9325 -0.2544 -0.5912 1.5514 -0.4591 0.6733 -0.4809 0.3234 
1311870432.9625 -0.2552 -0.5945 1.5512 -0.4594 0.6736 -0.4805 0.3231 
1311870432.9991 -0.2565 -0.5985 1.5511 -0.4596 0.6733 -0.4798 0.3243 
1311870433.0324 -0.2581 -0.6018 1.5509 -0.4588 0.6740 -0.4790 0.3252 
1311870433.0624 -0.2595 -0.6053 1.5509 -0.4591 0.6737 -0.4790 0.3254 
1311870433.0991 -0.2608 -0.6090 1.5507 -0.4582 0.6731 -0.4803 0.3260 
1311870433.1325 -0.2623 -0.6124 1.5502 -0.4596 0.6716 -0.4813 0.3258 
1311870433.1624 -0.2637 -0.6151 1.5497 -0.4612 0.6703 -0.4814 0.3259 
1311870433.1991 -0.2655 -0.6187 1.5487 -0.4634 0.6696 -0.4803 0.3260 
1311870433.2326 -0.2670 -0.6222 1.5476 -0.4676 0.6690 -0.4775 0.3252 
1311870433.2626 -0.2682 -0.6260 1.5467 -0.4709 0.6693 -0.4740 0.3250 
1311870433.2991 -0.2696 -0.6310 1.5455 -0.4733 0.6690 -0.4717 0.3254 
1311870433.3325 -0.2710 -0.6364 1.5445 -0.4737 0.6700 -0.4699 0.3255 
1311870433.3624 -0.2725 -0.6416 1.5437 -0.4737 0.6710 -0.4686 0.3253 
1311870433.3991 -0.2743 -0.6482 1.5428 -0.4757 0.6713 -0.4668 0.3244 
1311870433.4325 -0.2762 -0.6542 1.5419 -0.4765 0.6715 -0.4658 0.3242 
1311870433.4625 -0.2775 -0.6600 1.5411 -0.4771 0.6719 -0.4650 0.3236 
1311870433.4991 -0.2797 -0.6670 1.5404 -0.4768 0.6725 -0.4650 0.3228 
1311870433.5325 -0.2818 -0.6735 1.5400 -0.4756 0.6726 -0.4661 0.3229 
1311870433.5629 -0.2835 -0.6790 1.5396 -0.4757 0.6730 -0.4655 0.3227 
1311870433.5992 -0.2856 -0.6852 1.5393 -0.4764 0.6731 -0.4650 0.3221 
1311870433.6325 -0.2877 -0.6907 1.5391 -0.4775 0.6740 -0.4635 0.3207 
1311870433.6625 -0.2891 -0.6951 1.5387 -0.4776 0.6738 -0.4643 0.3197 
1311870433.6991 -0.2907 -0.7005 1.5383 -0.4763 0.6743 -0.4651 0.3196 
1311870433.7325 -0.2924 -0.7051 1.5379 -0.4752 0.6748 -0.4655 0.3195 
1311870433.7625 -0.2935 -0.7091 1.5374 -0.4745 0.6756 -0.4654 0.3190 
1311870433.7992 -0.2948 -0.7138 1.5368 -0.4741 0.6767 -0.4649 0.3181 
1311870433.8325 -0.2955 -0.7182 1.5362 -0.4725 0.6775 -0.4657 0.3175 
1311870433.8625 -0.2959 -0.7217 1.5354 -0.4719 0.6777 -0.4666 0.3168 
1311870433.8992 -0.2963 -0.7265 1.5345 -0.4707 0.6788 -0.4670 0.3156 
1311870433.9325 -0.2967 -0.7305 1.5340 -0.4684 0.6801 -0.4677 0.3150 
1311870433.9625 -0.2970 -0.7338 1.5336 -0.4672 0.6806 -0.4684 0.3149 
1311870433.9992 -0.2974 -0.7380 1.5331 -0.4673 0.6808 -0.4689 0.3136 
1311870434.0325 -0.2979 -0.7412 1.5328 -0.4661 0.6826 -0.4682 0.3124 
1311870434.0625 -0.2978 -0.7439 1.5325 -0.4658 0.6832 -0.4682 0.3116 
1311870434.0992 -0.2973 -0.7474 1.5323 -0.4646 0.6837 -0.4690 0.3111 
1311870434.1326 -0.2971 -0.7504 1.5325 -0.4634 0.6839 -0.4702 0.3107 
1311870434.1625 -0.2971 -0.7529 1.5328 -0.4625 0.6842 -0.4711 0.3101 
1311870434.1991 -0.2970 -0.7557 1.5329 -0.4611 0.6846 -0.4719 0.3099 
1311870434.2326 -0.2970 -0.7579 1.5329 -0.4610 0.6851 -0.4711 0.3101 
1311870434.2625 -0.2972 -0.7599 1.5328 -0.4612 0.6854 -0.4704 0.3103 
1311870434.2992 -0.2973 -0.7622 1.5324 -0.4609 0.6863 -0.4689 0.3110 
1311870434.3325 -0.2975 -0.7641 1.5318 -0.4609 0.6870 -0.4666 0.3129 
1311870434.3625 -0.2975 -0.7661 1.5315 -0.4619 0.6871 -0.4648 0.3137 
1311870434.3992 -0.2972 -0.7687 1.5307 -0.4630 0.6876 -0.4640 0.3124 
1311870434.4325 -0.2971 -0.7713 1.5298 -0.4640 0.6883 -0.4636 0.3099 
1311870434.4625 -0.2968 -0.7738 1.5287 -0.4649 0.6885 -0.4645 0.3069 
1311870434.4992 -0.2969 -0.7773 1.5273 -0.4649 0.6896 -0.4656 0.3026 
1311870434.5325 -0.2973 -0.7812 1.5265 -0.4665 0.6894 -0.4664 0.2993 
1311870434.5625 -0.2970 -0.7840 1.5262 -0.4687 0.6882 -0.4666 0.2983 
1311870434.5992 -0.2972 -0.7882 1.5251 -0.4693 0.6892 -0.4650 0.2975 
1311870434.6326 -0.2970 -0.7920 1.5241 -0.4697 0.6899 -0.4641 0.2967 
1311870434.6626 -0.2971 -0.7954 1.5231 -0.4705 0.6903 -0.4642 0.2945 
1311870434.6992 -0.2966 -0.7995 1.5218 -0.4715 0.6903 -0.4645 0.2922 
1311870434.7325 -0.2964 -0.8031 1.5204 -0.4733 0.6906 -0.4640 0.2895 
1311870434.7692 -0.2962 -0.8072 1.5184 -0.4753 0.6917 -0.4621 0.2866 
1311870434.7992 -0.2954 -0.8106 1.5161 -0.4773 0.6924 -0.4598 0.2852 
1311870434.8326 -0.2946 -0.8146 1.5130 -0.4803 0.6943 -0.4556 0.2824 
1311870434.8692 -0.2937 -0.8181 1.5099 -0.4831 0.6969 -0.4498 0.2803 
1311870434.8992 -0.2929 -0.8212 1.5068 -0.4863 0.6988 -0.4449 0.2780 
1311870434.9326 -0.2919 -0.8241 1.5030 -0.4906 0.7000 -0.4388 0.2773 
1311870434.966 -0.2916 -0.8269 1.4990 -0.4945 0.7020 -0.4320 0.2757 
1311870434.9993 -0.2910 -0.8297 1.4951 -0.4989 0.7027 -0.4263 0.2751 
1311870435.0326 -0.2908 -0.8325 1.4914 -0.5015 0.7038 -0.4221 0.2738 
1311870435.0692 -0.2903 -0.8357 1.4879 -0.5052 0.7040 -0.4183 0.2723 
1311870435.0993 -0.2900 -0.8387 1.4849 -0.5071 0.7042 -0.4159 0.2721 
1311870435.1326 -0.2898 -0.8417 1.4821 -0.5089 0.7057 -0.4125 0.2701 
1311870435.1659 -0.2899 -0.8451 1.4796 -0.5118 0.7064 -0.4094 0.2673 
1311870435.1993 -0.2899 -0.8480 1.4772 -0.5129 0.7073 -0.4079 0.2651 
1311870435.2326 -0.2903 -0.8511 1.4750 -0.5152 0.7083 -0.4047 0.2631 
1311870435.2692 -0.2900 -0.8539 1.4728 -0.5186 0.7084 -0.4010 0.2616 
1311870435.2993 -0.2903 -0.8564 1.4710 -0.5218 0.7083 -0.3983 0.2595 
1311870435.3326 -0.2906 -0.8594 1.4696 -0.5233 0.7084 -0.3980 0.2567 
1311870435.3692 -0.2912 -0.8625 1.4682 -0.5252 0.7080 -0.3991 0.2523 
1311870435.3993 -0.2918 -0.8653 1.4672 -0.5274 0.7071 -0.3999 0.2490 
1311870435.4326 -0.2921 -0.8686 1.4661 -0.5286 0.7067 -0.4002 0.2471 
1311870435.4692 -0.2925 -0.8726 1.4650 -0.5304 0.7062 -0.3995 0.2458 
1311870435.4993 -0.2927 -0.8759 1.4641 -0.5318 0.7068 -0.3973 0.2444 
1311870435.5328 -0.2927 -0.8799 1.4633 -0.5324 0.7074 -0.3958 0.2438 
1311870435.5693 -0.2926 -0.8844 1.4624 -0.5334 0.7081 -0.3936 0.2433 
1311870435.5993 -0.2927 -0.8886 1.4616 -0.5334 0.7086 -0.3933 0.2425 
1311870435.6331 -0.2923 -0.8928 1.4609 -0.5337 0.7084 -0.3940 0.2411 
1311870435.6693 -0.2918 -0.8976 1.4599 -0.5338 0.7092 -0.3938 0.2390 
1311870435.6992 -0.2920 -0.9015 1.4592 -0.5352 0.7096 -0.3918 0.2377 
1311870435.7325 -0.2907 -0.9057 1.4582 -0.5350 0.7097 -0.3914 0.2384 
1311870435.7659 -0.2898 -0.9098 1.4574 -0.5345 0.7107 -0.3910 0.2374 
1311870435.7993 -0.2884 -0.9138 1.4569 -0.5336 0.7110 -0.3921 0.2369 
1311870435.8326 -0.2885 -0.9176 1.4564 -0.5367 0.7106 -0.3893 0.2355 
1311870435.8693 -0.2875 -0.9219 1.4560 -0.5379 0.7103 -0.3881 0.2357 
1311870435.8993 -0.2865 -0.9256 1.4557 -0.5380 0.7108 -0.3873 0.2355 
1311870435.9327 -0.2851 -0.9294 1.4555 -0.5373 0.7112 -0.3873 0.2355 
1311870435.9693 -0.2839 -0.9338 1.4552 -0.5382 0.7112 -0.3859 0.2357 
1311870435.9993 -0.2827 -0.9374 1.4549 -0.5380 0.7118 -0.3852 0.2356 
1311870436.0326 -0.2812 -0.9413 1.4544 -0.5381 0.7117 -0.3851 0.2357 
1311870436.0694 -0.2798 -0.9451 1.4539 -0.5392 0.7113 -0.3853 0.2342 
1311870436.0993 -0.2789 -0.9485 1.4541 -0.5402 0.7110 -0.3852 0.2329 
1311870436.1326 -0.2774 -0.9523 1.4541 -0.5393 0.7106 -0.3867 0.2338 
1311870436.1693 -0.2760 -0.9561 1.4545 -0.5397 0.7107 -0.3858 0.2339 
1311870436.1993 -0.2748 -0.9594 1.4551 -0.5384 0.7110 -0.3867 0.2347 
1311870436.2327 -0.2735 -0.9628 1.4562 -0.5374 0.7105 -0.3885 0.2355 
1311870436.2693 -0.2720 -0.9662 1.4574 -0.5368 0.7095 -0.3904 0.2369 
1311870436.2993 -0.2708 -0.9691 1.4587 -0.5353 0.7097 -0.3905 0.2394 
1311870436.3326 -0.2700 -0.9718 1.4595 -0.5339 0.7105 -0.3893 0.2420 
1311870436.3693 -0.2684 -0.9748 1.4608 -0.5346 0.7104 -0.3884 0.2424 
1311870436.3992 -0.2673 -0.9768 1.4617 -0.5338 0.7108 -0.3886 0.2426 
1311870436.4326 -0.2662 -0.9790 1.4630 -0.5334 0.7105 -0.3895 0.2427 
1311870436.4693 -0.2652 -0.9809 1.4649 -0.5333 0.7093 -0.3912 0.2436 
1311870436.4993 -0.2646 -0.9823 1.4668 -0.5335 0.7081 -0.3923 0.2452 
1311870436.5327 -0.2636 -0.9836 1.4693 -0.5324 0.7065 -0.3951 0.2476 
1311870436.5693 -0.2632 -0.9853 1.4720 -0.5335 0.7046 -0.3957 0.2498 
1311870436.5994 -0.2624 -0.9867 1.4743 -0.5350 0.7027 -0.3952 0.2527 
1311870436.6326 -0.2615 -0.9886 1.4767 -0.5351 0.7008 -0.3944 0.2589 
1311870436.6693 -0.2611 -0.9911 1.4787 -0.5344 0.7017 -0.3898 0.2646 
1311870436.6993 -0.2617 -0.9931 1.4803 -0.5327 0.7048 -0.3851 0.2670 
1311870436.7327 -0.2599 -0.9963 1.4828 -0.5341 0.7015 -0.3851 0.2726 
1311870436.7693 -0.2603 -0.9997 1.4857 -0.5343 0.7009 -0.3861 0.2725 
1311870436.7993 -0.2600 -1.0026 1.4883 -0.5341 0.6991 -0.3895 0.2725 
1311870436.8327 -0.2599 -1.0061 1.4913 -0.5338 0.6972 -0.3927 0.2735 
1311870436.8693 -0.2599 -1.0103 1.4946 -0.5329 0.6961 -0.3944 0.2757 
1311870436.8993 -0.2600 -1.0137 1.4969 -0.5321 0.6961 -0.3938 0.2778 
1311870436.9327 -0.2602 -1.0177 1.4995 -0.5319 0.6958 -0.3923 0.2811 
1311870436.9693 -0.2606 -1.0221 1.5017 -0.5322 0.6949 -0.3905 0.2853 
1311870436.9994 -0.2610 -1.0260 1.5036 -0.5333 0.6933 -0.3900 0.2877 
1311870437.0327 -0.2611 -1.0308 1.5053 -0.5311 0.6901 -0.3944 0.2935 
1311870437.0693 -0.2621 -1.0370 1.5075 -0.5308 0.6899 -0.3949 0.2940 
1311870437.0993 -0.2623 -1.0411 1.5087 -0.5305 0.6889 -0.3945 0.2972 
1311870437.1326 -0.2630 -1.0468 1.5101 -0.5311 0.6885 -0.3924 0.2999 
1311870437.1693 -0.2632 -1.0531 1.5115 -0.5318 0.6867 -0.3921 0.3032 
1311870437.1993 -0.2641 -1.0591 1.5130 -0.5336 0.6854 -0.3915 0.3037 
1311870437.2327 -0.2647 -1.0659 1.5145 -0.5339 0.6838 -0.3921 0.3060 
1311870437.2693 -0.2655 -1.0739 1.5164 -0.5340 0.6834 -0.3918 0.3071 
1311870437.2993 -0.2658 -1.0801 1.5180 -0.5358 0.6829 -0.3900 0.3072 
1311870437.3327 -0.2660 -1.0874 1.5197 -0.5358 0.6796 -0.3923 0.3116 
1311870437.3693 -0.2663 -1.0957 1.5215 -0.5378 0.6773 -0.3924 0.3133 
1311870437.3993 -0.2663 -1.1026 1.5228 -0.5378 0.6752 -0.3938 0.3158 
1311870437.4326 -0.2658 -1.1102 1.5242 -0.5392 0.6731 -0.3929 0.3191 
1311870437.4694 -0.2658 -1.1187 1.5258 -0.5406 0.6716 -0.3917 0.3215 
1311870437.4993 -0.2653 -1.1259 1.5274 -0.5429 0.6691 -0.3916 0.3228 
1311870437.534 -0.2650 -1.1337 1.5289 -0.5439 0.6678 -0.3916 0.3238 
1311870437.5694 -0.2645 -1.1423 1.5309 -0.5453 0.6658 -0.3920 0.3251 
1311870437.5994 -0.2645 -1.1493 1.5326 -0.5472 0.6643 -0.3925 0.3244 
1311870437.6327 -0.2638 -1.1574 1.5347 -0.5471 0.6620 -0.3941 0.3272 
1311870437.6694 -0.2639 -1.1660 1.5366 -0.5490 0.6619 -0.3924 0.3265 
1311870437.6994 -0.2636 -1.1730 1.5382 -0.5507 0.6584 -0.3929 0.3298 
1311870437.7327 -0.2634 -1.1809 1.5396 -0.5522 0.6551 -0.3942 0.3324 
1311870437.7693 -0.2637 -1.1894 1.5414 -0.5540 0.6542 -0.3929 0.3327 
1311870437.7993 -0.2642 -1.1964 1.5427 -0.5556 0.6526 -0.3929 0.3333 
1311870437.8327 -0.2646 -1.2042 1.5439 -0.5572 0.6503 -0.3934 0.3345 
1311870437.8694 -0.2653 -1.2126 1.5451 -0.5587 0.6480 -0.3936 0.3363 
1311870437.8994 -0.2656 -1.2196 1.5464 -0.5582 0.6474 -0.3934 0.3384 
1311870437.9327 -0.2665 -1.2273 1.5476 -0.5583 0.6471 -0.3918 0.3406 
1311870437.9694 -0.2665 -1.2354 1.5486 -0.5559 0.6468 -0.3919 0.3450 
1311870437.9994 -0.2684 -1.2422 1.5494 -0.5590 0.6458 -0.3892 0.3450 
1311870438.0327 -0.2697 -1.2495 1.5503 -0.5604 0.6445 -0.3890 0.3453 
1311870438.0693 -0.2710 -1.2577 1.5517 -0.5604 0.6430 -0.3902 0.3468 
1311870438.0994 -0.2720 -1.2642 1.5531 -0.5598 0.6420 -0.3916 0.3480 
1311870438.1327 -0.2753 -1.2716 1.5545 -0.5629 0.6414 -0.3896 0.3463 
1311870438.1693 -0.2767 -1.2798 1.5564 -0.5626 0.6382 -0.3920 0.3500 
1311870438.1994 -0.2790 -1.2864 1.5577 -0.5642 0.6376 -0.3908 0.3499 
1311870438.2327 -0.2808 -1.2940 1.5591 -0.5638 0.6363 -0.3925 0.3510 
1311870438.2694 -0.2830 -1.3021 1.5604 -0.5634 0.6355 -0.3935 0.3520 
1311870438.2994 -0.2848 -1.3083 1.5612 -0.5641 0.6356 -0.3922 0.3522 
1311870438.3327 -0.2869 -1.3153 1.5619 -0.5649 0.6360 -0.3913 0.3511 
1311870438.3694 -0.2884 -1.3223 1.5625 -0.5658 0.6340 -0.3923 0.3522 
1311870438.3993 -0.2903 -1.3276 1.5630 -0.5660 0.6337 -0.3918 0.3531 
1311870438.4327 -0.2923 -1.3330 1.5635 -0.5663 0.6339 -0.3903 0.3537 
1311870438.466 -0.2941 -1.3379 1.5637 -0.5673 0.6335 -0.3890 0.3543 
1311870438.4994 -0.2955 -1.3426 1.5638 -0.5704 0.6309 -0.3877 0.3553 
1311870438.5328 -0.2966 -1.3470 1.5637 -0.5722 0.6295 -0.3875 0.3551 
1311870438.5694 -0.2975 -1.3517 1.5636 -0.5734 0.6274 -0.3882 0.3562 
1311870438.5994 -0.2983 -1.3552 1.5635 -0.5750 0.6267 -0.3874 0.3558 
1311870438.6327 -0.2993 -1.3591 1.5638 -0.5770 0.6252 -0.3866 0.3559 
1311870438.6694 -0.2991 -1.3633 1.5641 -0.5772 0.6227 -0.3872 0.3594 
1311870438.6995 -0.2996 -1.3668 1.5643 -0.5775 0.6228 -0.3859 0.3602 
1311870438.7327 -0.3002 -1.3704 1.5645 -0.5772 0.6240 -0.3837 0.3608 
1311870438.7694 -0.2997 -1.3744 1.5649 -0.5777 0.6228 -0.3834 0.3625 
1311870438.7994 -0.2996 -1.3773 1.5652 -0.5785 0.6222 -0.3830 0.3628 
1311870438.8327 -0.2991 -1.3805 1.5655 -0.5805 0.6208 -0.3819 0.3630 
1311870438.8694 -0.2983 -1.3839 1.5658 -0.5828 0.6187 -0.3811 0.3638 
1311870438.8994 -0.2980 -1.3864 1.5660 -0.5838 0.6182 -0.3806 0.3635 
1311870438.9327 -0.2967 -1.3896 1.5660 -0.5840 0.6167 -0.3811 0.3652 
1311870438.9694 -0.2959 -1.3935 1.5659 -0.5847 0.6170 -0.3808 0.3638 
1311870438.9994 -0.2946 -1.3965 1.5654 -0.5846 0.6171 -0.3810 0.3637 
1311870439.0327 -0.2926 -1.4000 1.5644 -0.5841 0.6174 -0.3814 0.3637 
1311870439.0694 -0.2917 -1.4041 1.5638 -0.5855 0.6179 -0.3805 0.3613 
1311870439.0994 -0.2899 -1.4078 1.5631 -0.5867 0.6172 -0.3799 0.3613 
1311870439.1328 -0.2878 -1.4116 1.5622 -0.5884 0.6160 -0.3788 0.3617 
1311870439.1661 -0.2859 -1.4162 1.5617 -0.5902 0.6155 -0.3779 0.3604 
1311870439.1993 -0.2833 -1.4210 1.5611 -0.5911 0.6142 -0.3787 0.3605 
1311870439.2327 -0.2801 -1.4262 1.5600 -0.5917 0.6144 -0.3789 0.3590 
1311870439.2694 -0.2761 -1.4321 1.5590 -0.5923 0.6155 -0.3785 0.3566 
1311870439.2994 -0.2727 -1.4373 1.5582 -0.5944 0.6154 -0.3765 0.3553 
1311870439.3327 -0.2682 -1.4429 1.5575 -0.5953 0.6141 -0.3760 0.3565 
1311870439.3694 -0.2638 -1.4493 1.5570 -0.5977 0.6122 -0.3757 0.3561 
1311870439.3994 -0.2602 -1.4545 1.5573 -0.6004 0.6114 -0.3755 0.3531 
1311870439.4327 -0.2562 -1.4607 1.5578 -0.6006 0.6102 -0.3780 0.3521 
1311870439.4694 -0.2516 -1.4671 1.5588 -0.6036 0.6083 -0.3768 0.3518 
1311870439.4994 -0.2473 -1.4719 1.5597 -0.6048 0.6063 -0.3765 0.3534 
1311870439.5328 -0.2433 -1.4773 1.5610 0.6071 -0.6038 0.3749 -0.3554 
1311870439.5694 -0.2389 -1.4830 1.5628 0.6065 -0.6009 0.3758 -0.3603 
1311870439.5994 -0.2356 -1.4874 1.5641 0.6099 -0.5973 0.3737 -0.3628 
1311870439.6328 -0.2318 -1.4927 1.5654 0.6092 -0.5965 0.3735 -0.3655 
1311870439.6694 -0.2277 -1.4982 1.5660 0.6101 -0.5954 0.3717 -0.3675 
1311870439.6994 -0.2234 -1.5025 1.5663 0.6125 -0.5945 0.3693 -0.3675 
1311870439.7327 -0.2198 -1.5071 1.5661 0.6146 -0.5942 0.3677 -0.3660 
1311870439.7694 -0.2148 -1.5124 1.5658 0.6159 -0.5894 0.3703 -0.3690 
1311870439.7994 -0.2110 -1.5164 1.5656 0.6180 -0.5863 0.3704 -0.3704 
1311870439.8328 -0.2082 -1.5207 1.5654 0.6187 -0.5856 0.3692 -0.3714 
1311870439.8694 -0.2051 -1.5254 1.5650 0.6208 -0.5825 0.3673 -0.3747 
1311870439.8994 -0.2029 -1.5294 1.5644 0.6223 -0.5814 0.3644 -0.3767 
1311870439.9328 -0.2010 -1.5339 1.5631 0.6224 -0.5830 0.3613 -0.3771 
1311870439.9694 -0.1990 -1.5386 1.5615 0.6193 -0.5851 0.3606 -0.3797 
1311870439.9995 -0.1986 -1.5424 1.5603 0.6191 -0.5872 0.3591 -0.3781 
1311870440.0328 -0.1977 -1.5463 1.5591 0.6204 -0.5869 0.3584 -0.3771 
1311870440.0695 -0.1965 -1.5501 1.5580 0.6222 -0.5856 0.3580 -0.3764 
1311870440.0994 -0.1956 -1.5529 1.5573 0.6239 -0.5855 0.3565 -0.3752 
1311870440.1328 -0.1943 -1.5560 1.5569 0.6256 -0.5840 0.3559 -0.3753 
1311870440.1695 -0.1922 -1.5594 1.5571 0.6279 -0.5815 0.3551 -0.3762 
1311870440.1995 -0.1912 -1.5621 1.5571 0.6300 -0.5801 0.3537 -0.3762 
1311870440.2328 -0.1899 -1.5651 1.5569 0.6342 -0.5776 0.3510 -0.3754 
1311870440.2695 -0.1884 -1.5691 1.5565 0.6359 -0.5766 0.3485 -0.3763 
1311870440.2994 -0.1869 -1.5726 1.5558 0.6367 -0.5761 0.3472 -0.3770 
1311870440.3328 -0.1852 -1.5769 1.5549 0.6380 -0.5752 0.3462 -0.3772 
1311870440.3695 -0.1833 -1.5815 1.5538 0.6387 -0.5745 0.3456 -0.3776 
1311870440.3995 -0.1812 -1.5855 1.5527 0.6402 -0.5726 0.3443 -0.3791 
1311870440.4328 -0.1795 -1.5903 1.5517 0.6414 -0.5718 0.3419 -0.3804 
1311870440.4695 -0.1780 -1.5961 1.5506 0.6443 -0.5714 0.3375 -0.3801 
1311870440.4995 -0.1764 -1.6008 1.5497 0.6461 -0.5699 0.3354 -0.3812 
1311870440.5328 -0.1744 -1.6064 1.5485 0.6483 -0.5679 0.3341 -0.3816 
1311870440.5695 -0.1725 -1.6127 1.5471 0.6513 -0.5659 0.3324 -0.3809 
1311870440.5995 -0.1711 -1.6176 1.5460 0.6549 -0.5634 0.3304 -0.3801 
1311870440.6328 -0.1699 -1.6234 1.5448 0.6598 -0.5595 0.3280 -0.3796 
1311870440.6695 -0.1687 -1.6301 1.5436 0.6661 -0.5545 0.3248 -0.3785 
1311870440.6995 -0.1680 -1.6358 1.5428 0.6701 -0.5511 0.3233 -0.3777 
1311870440.7328 -0.1669 -1.6424 1.5419 0.6742 -0.5467 0.3223 -0.3778 
1311870440.7695 -0.1664 -1.6502 1.5408 0.6773 -0.5429 0.3223 -0.3777 
1311870440.7995 -0.1660 -1.6567 1.5398 0.6831 -0.5409 0.3179 -0.3738 
1311870440.8328 -0.1656 -1.6643 1.5382 0.6842 -0.5375 0.3184 -0.3762 
1311870440.8694 -0.1647 -1.6719 1.5364 0.6907 -0.5331 0.3148 -0.3736 
1311870440.8995 -0.1640 -1.6784 1.5345 0.6942 -0.5294 0.3139 -0.3731 
1311870440.9328 -0.1637 -1.6856 1.5323 0.6978 -0.5271 0.3129 -0.3706 
1311870440.9695 -0.1638 -1.6936 1.5300 0.7018 -0.5245 0.3119 -0.3675 
1311870440.9995 -0.1635 -1.6999 1.5281 0.7049 -0.5223 0.3103 -0.3660 
1311870441.0328 -0.1631 -1.7069 1.5260 0.7078 -0.5198 0.3085 -0.3654 
1311870441.0695 -0.1631 -1.7146 1.5235 0.7107 -0.5186 0.3061 -0.3636 
1311870441.0995 -0.1632 -1.7210 1.5214 0.7114 -0.5182 0.3055 -0.3634 
1311870441.1328 -0.1634 -1.7278 1.5190 0.7149 -0.5181 0.3017 -0.3597 
1311870441.1695 -0.1633 -1.7349 1.5162 0.7176 -0.5159 0.2988 -0.3600 
1311870441.1995 -0.1635 -1.7409 1.5138 0.7178 -0.5155 0.2995 -0.3596 
1311870441.2328 -0.1639 -1.7473 1.5109 0.7206 -0.5156 0.2971 -0.3559 
1311870441.2695 -0.1649 -1.7542 1.5078 0.7240 -0.5150 0.2950 -0.3515 
1311870441.2995 -0.1652 -1.7598 1.5052 0.7256 -0.5124 0.2947 -0.3524 
1311870441.3362 -0.1661 -1.7670 1.5019 0.7269 -0.5129 0.2936 -0.3497 
1311870441.3695 -0.1670 -1.7734 1.4991 0.7297 -0.5142 0.2896 -0.3453 
1311870441.3995 -0.1672 -1.7792 1.4963 0.7301 -0.5138 0.2877 -0.3467 
1311870441.4328 -0.1681 -1.7858 1.4935 0.7318 -0.5156 0.2840 -0.3436 
1311870441.4695 -0.1691 -1.7924 1.4900 0.7340 -0.5158 0.2808 -0.3411 
1311870441.4995 -0.1699 -1.7978 1.4873 0.7359 -0.5157 0.2784 -0.3392 
1311870441.5329 -0.1711 -1.8039 1.4846 0.7369 -0.5152 0.2772 -0.3386 
1311870441.5695 -0.1716 -1.8104 1.4818 0.7379 -0.5159 0.2756 -0.3367 
1311870441.5995 -0.1719 -1.8157 1.4795 0.7383 -0.5177 0.2741 -0.3343 
1311870441.6328 -0.1716 -1.8212 1.4767 0.7374 -0.5186 0.2746 -0.3346 
1311870441.6695 -0.1714 -1.8275 1.4741 0.7371 -0.5207 0.2746 -0.3319 
1311870441.6995 -0.1710 -1.8325 1.4723 0.7364 -0.5235 0.2746 -0.3290 
1311870441.7329 -0.1700 -1.8378 1.4705 0.7352 -0.5262 0.2748 -0.3272 
1311870441.7695 -0.1688 -1.8432 1.4692 0.7348 -0.5285 0.2738 -0.3253 
1311870441.7995 -0.1677 -1.8474 1.4686 0.7341 -0.5299 0.2731 -0.3252 
1311870441.8329 -0.1666 -1.8520 1.4682 0.7315 -0.5325 0.2743 -0.3257 
1311870441.8695 -0.1650 -1.8563 1.4682 0.7299 -0.5329 0.2753 -0.3278 
1311870441.8995 -0.1635 -1.8595 1.4686 0.7284 -0.5345 0.2756 -0.3283 
1311870441.9329 -0.1614 -1.8626 1.4693 0.7266 -0.5366 0.2757 -0.3287 
1311870441.9695 -0.1591 -1.8656 1.4705 0.7240 -0.5383 0.2754 -0.3321 
1311870441.9995 -0.1568 -1.8676 1.4719 0.7218 -0.5393 0.2750 -0.3355 
1311870442.0329 -0.1549 -1.8697 1.4739 0.7214 -0.5414 0.2720 -0.3353 
1311870442.0695 -0.1519 -1.8711 1.4762 0.7198 -0.5407 0.2718 -0.3402 
1311870442.1029 -0.1493 -1.8722 1.4789 0.7185 -0.5404 0.2741 -0.3414 
1311870442.1329 -0.1475 -1.8729 1.4817 0.7195 -0.5396 0.2754 -0.3396 
1311870442.1695 -0.1445 -1.8734 1.4851 0.7200 -0.5383 0.2779 -0.3385 
1311870442.1996 -0.1415 -1.8735 1.4879 0.7173 -0.5358 0.2828 -0.3441 
1311870442.2329 -0.1388 -1.8734 1.4911 0.7178 -0.5351 0.2826 -0.3444 
1311870442.2695 -0.1347 -1.8733 1.4944 0.7157 -0.5330 0.2850 -0.3499 
1311870442.2995 -0.1318 -1.8732 1.4972 0.7166 -0.5327 0.2834 -0.3498 
1311870442.3329 -0.1277 -1.8729 1.5001 0.7173 -0.5302 0.2846 -0.3512 
1311870442.3695 -0.1232 -1.8728 1.5040 0.7197 -0.5281 0.2835 -0.3505 
1311870442.3995 -0.1193 -1.8729 1.5070 0.7192 -0.5256 0.2849 -0.3540 
1311870442.4328 -0.1146 -1.8727 1.5106 0.7204 -0.5254 0.2817 -0.3545 
1311870442.4696 -0.1096 -1.8728 1.5144 0.7179 -0.5258 0.2817 -0.3588 
1311870442.4995 -0.1038 -1.8729 1.5178 0.7151 -0.5263 0.2838 -0.3619 
1311870442.5329 -0.0986 -1.8727 1.5211 0.7131 -0.5270 0.2839 -0.3649 
1311870442.5696 -0.0933 -1.8724 1.5244 0.7097 -0.5286 0.2849 -0.3684 
1311870442.5996 -0.0888 -1.8718 1.5268 0.7096 -0.5282 0.2842 -0.3698 
1311870442.6362 -0.0837 -1.8708 1.5293 0.7081 -0.5266 0.2861 -0.3734 
1311870442.6696 -0.0784 -1.8694 1.5314 0.7088 -0.5236 0.2870 -0.3755 
1311870442.6996 -0.0752 -1.8686 1.5332 0.7099 -0.5244 0.2868 -0.3726 
1311870442.7329 -0.0700 -1.8675 1.5351 0.7086 -0.5220 0.2901 -0.3757 
1311870442.7696 -0.0654 -1.8665 1.5369 0.7068 -0.5218 0.2931 -0.3771 
1311870442.8029 -0.0617 -1.8654 1.5385 0.7073 -0.5215 0.2929 -0.3768 
1311870442.8329 -0.0580 -1.8643 1.5397 0.7051 -0.5209 0.2953 -0.3799 
1311870442.8696 -0.0542 -1.8630 1.5412 0.7068 -0.5202 0.2945 -0.3782 
1311870442.8996 -0.0511 -1.8621 1.5421 0.7055 -0.5198 0.2958 -0.3803 
1311870442.9329 -0.0476 -1.8612 1.5430 0.7056 -0.5186 0.2951 -0.3823 
1311870442.9695 -0.0438 -1.8604 1.5437 0.7035 -0.5199 0.2952 -0.3842 
1311870442.9997 -0.0410 -1.8596 1.5441 0.7006 -0.5198 0.2966 -0.3886 
1311870443.0329 -0.0389 -1.8589 1.5446 0.7044 -0.5209 0.2911 -0.3842 
1311870443.0696 -0.0359 -1.8583 1.5453 0.7033 -0.5191 0.2932 -0.3872 
1311870443.0996 -0.0340 -1.8580 1.5458 0.7026 -0.5189 0.2940 -0.3881 
1311870443.1329 -0.0318 -1.8578 1.5464 0.7015 -0.5186 0.2947 -0.3900 
1311870443.1696 -0.0292 -1.8577 1.5469 0.7022 -0.5185 0.2916 -0.3913 
1311870443.1996 -0.0277 -1.8580 1.5476 0.7021 -0.5194 0.2906 -0.3910 
1311870443.2329 -0.0253 -1.8583 1.5481 0.6997 -0.5199 0.2909 -0.3943 
1311870443.2697 -0.0232 -1.8589 1.5486 0.6988 -0.5205 0.2885 -0.3968 
1311870443.2996 -0.0218 -1.8597 1.5490 0.6997 -0.5201 0.2868 -0.3971 
1311870443.333 -0.0201 -1.8605 1.5494 0.7010 -0.5188 0.2852 -0.3975 
1311870443.3696 -0.0178 -1.8619 1.5501 0.7004 -0.5175 0.2862 -0.3996 
1311870443.3996 -0.0159 -1.8634 1.5506 0.7003 -0.5175 0.2853 -0.4004 
1311870443.4329 -0.0142 -1.8654 1.5511 0.7004 -0.5171 0.2837 -0.4019 
1311870443.4696 -0.0128 -1.8677 1.5515 0.6996 -0.5184 0.2811 -0.4034 
1311870443.4997 -0.0102 -1.8701 1.5524 0.7011 -0.5146 0.2812 -0.4056 
1311870443.533 -0.0070 -1.8730 1.5533 0.7013 -0.5109 0.2821 -0.4093 
1311870443.5696 -0.0052 -1.8768 1.5540 0.7016 -0.5109 0.2803 -0.4100 
1311870443.5996 -0.0031 -1.8795 1.5542 0.7024 -0.5093 0.2784 -0.4121 
1311870443.6329 -0.0007 -1.8835 1.5546 0.7037 -0.5074 0.2775 -0.4127 
1311870443.6696 0.0020 -1.8882 1.5548 0.7050 -0.5051 0.2769 -0.4138 
1311870443.6996 0.0045 -1.8921 1.5547 0.7065 -0.5023 0.2759 -0.4152 
1311870443.733 0.0070 -1.8969 1.5548 0.7088 -0.4985 0.2756 -0.4162 
1311870443.7696 0.0095 -1.9028 1.5549 0.7115 -0.4946 0.2750 -0.4166 
1311870443.7996 0.0122 -1.9077 1.5550 0.7129 -0.4906 0.2745 -0.4191 
1311870443.8329 0.0140 -1.9140 1.5553 0.7171 -0.4867 0.2727 -0.4177 
1311870443.8697 0.0164 -1.9211 1.5554 0.7210 -0.4823 0.2718 -0.4168 
1311870443.8996 0.0186 -1.9273 1.5559 0.7237 -0.4787 0.2719 -0.4162 
1311870443.9363 0.0211 -1.9352 1.5564 0.7280 -0.4745 0.2711 -0.4141 
1311870443.9697 0.0230 -1.9424 1.5567 0.7326 -0.4682 0.2707 -0.4132 
1311870443.9997 0.0243 -1.9492 1.5572 0.7370 -0.4636 0.2704 -0.4108 
1311870444.0363 0.0262 -1.9574 1.5575 0.7409 -0.4581 0.2696 -0.4105 
1311870444.0696 0.0276 -1.9652 1.5574 0.7437 -0.4544 0.2675 -0.4109 
1311870444.0996 0.0287 -1.9727 1.5574 0.7470 -0.4510 0.2645 -0.4106 
1311870444.1363 0.0302 -1.9819 1.5572 0.7497 -0.4477 0.2607 -0.4117 
1311870444.1696 0.0312 -1.9907 1.5567 0.7512 -0.4463 0.2574 -0.4126 
1311870444.1997 0.0323 -1.9981 1.5559 0.7522 -0.4440 0.2548 -0.4148 
1311870444.2363 0.0330 -2.0069 1.5547 0.7539 -0.4421 0.2522 -0.4155 
1311870444.2696 0.0327 -2.0148 1.5537 0.7550 -0.4411 0.2500 -0.4158 
1311870444.2996 0.0325 -2.0212 1.5530 0.7562 -0.4379 0.2484 -0.4179 
1311870444.3363 0.0317 -2.0291 1.5519 0.7598 -0.4322 0.2461 -0.4188 
1311870444.3696 0.0311 -2.0362 1.5506 0.7625 -0.4286 0.2437 -0.4189 
1311870444.3996 0.0309 -2.0426 1.5492 0.7636 -0.4272 0.2425 -0.4191 
1311870444.4363 0.0304 -2.0506 1.5469 0.7654 -0.4264 0.2399 -0.4181 
1311870444.4697 0.0299 -2.0576 1.5447 0.7674 -0.4247 0.2380 -0.4172 
1311870444.4996 0.0297 -2.0640 1.5427 0.7689 -0.4232 0.2364 -0.4169 
1311870444.5363 0.0291 -2.0716 1.5398 0.7703 -0.4236 0.2330 -0.4158 
1311870444.5696 0.0292 -2.0777 1.5368 0.7707 -0.4230 0.2308 -0.4170 
1311870444.603 0.0292 -2.0841 1.5335 0.7722 -0.4220 0.2295 -0.4159 
1311870444.6363 0.0295 -2.0902 1.5294 0.7725 -0.4237 0.2276 -0.4147 
1311870444.6697 0.0300 -2.0960 1.5248 0.7726 -0.4263 0.2249 -0.4132 
1311870444.6997 0.0305 -2.1011 1.5202 0.7741 -0.4274 0.2222 -0.4107 
1311870444.7363 0.0309 -2.1067 1.5142 0.7775 -0.4278 0.2195 -0.4054 
1311870444.7697 0.0314 -2.1116 1.5084 0.7796 -0.4286 0.2195 -0.4004 
1311870444.7997 0.0318 -2.1157 1.5031 0.7815 -0.4287 0.2193 -0.3967 
1311870444.8363 0.0328 -2.1202 1.4972 0.7839 -0.4265 0.2187 -0.3946 
1311870444.8696 0.0338 -2.1249 1.4931 0.7864 -0.4250 0.2177 -0.3918 
1311870444.8997 0.0346 -2.1287 1.4892 0.7856 -0.4258 0.2160 -0.3935 
1311870444.9364 0.0350 -2.1349 1.4861 0.7867 -0.4297 0.2116 -0.3894 
1311870444.9697 0.0365 -2.1404 1.4835 0.7875 -0.4321 0.2077 -0.3873 
1311870444.9997 0.0383 -2.1451 1.4814 0.7856 -0.4335 0.2086 -0.3892 
1311870445.0364 0.0402 -2.1512 1.4794 0.7872 -0.4343 0.2061 -0.3862 
1311870445.0696 0.0423 -2.1563 1.4772 0.7880 -0.4343 0.2061 -0.3846 
1311870445.0997 0.0448 -2.1603 1.4753 0.7868 -0.4360 0.2067 -0.3849 
1311870445.1374 0.0473 -2.1666 1.4728 0.7896 -0.4343 0.2073 -0.3808 
1311870445.1663 0.0492 -2.1714 1.4713 0.7924 -0.4320 0.2056 -0.3785 
1311870445.1997 0.0516 -2.1758 1.4693 0.7941 -0.4285 0.2050 -0.3791 
1311870445.2363 0.0542 -2.1808 1.4676 0.7959 -0.4257 0.2017 -0.3804 
1311870445.2696 0.0574 -2.1853 1.4659 0.7971 -0.4234 0.1974 -0.3825 
1311870445.2996 0.0606 -2.1895 1.4644 0.7984 -0.4222 0.1934 -0.3834 
1311870445.3364 0.0656 -2.1945 1.4625 0.8000 -0.4195 0.1902 -0.3844 
1311870445.3697 0.0706 -2.1989 1.4611 0.8014 -0.4181 0.1892 -0.3836 
1311870445.3997 0.0754 -2.2029 1.4600 0.8024 -0.4175 0.1889 -0.3824 
1311870445.4363 0.0820 -2.2079 1.4587 0.8039 -0.4170 0.1872 -0.3806 
1311870445.4697 0.0875 -2.2125 1.4580 0.8055 -0.4157 0.1854 -0.3795 
1311870445.4997 0.0929 -2.2163 1.4572 0.8079 -0.4127 0.1840 -0.3783 
1311870445.5397 0.0992 -2.2216 1.4569 0.8108 -0.4095 0.1832 -0.3760 
1311870445.5697 0.1036 -2.2251 1.4569 0.8104 -0.4077 0.1881 -0.3764 
1311870445.5997 0.1081 -2.2288 1.4565 0.8123 -0.4037 0.1896 -0.3759 
1311870445.6364 0.1131 -2.2329 1.4552 0.8137 -0.4013 0.1910 -0.3748 
1311870445.6697 0.1172 -2.2363 1.4539 0.8140 -0.3995 0.1916 -0.3756 
1311870445.6997 0.1206 -2.2392 1.4528 0.8157 -0.3964 0.1899 -0.3761 
1311870445.7364 0.1239 -2.2423 1.4511 0.8173 -0.3941 0.1861 -0.3770 
1311870445.7697 0.1263 -2.2448 1.4497 0.8189 -0.3921 0.1820 -0.3775 
1311870445.7998 0.1292 -2.2469 1.4489 0.8206 -0.3890 0.1792 -0.3784 
1311870445.8364 0.1316 -2.2497 1.4481 0.8224 -0.3877 0.1755 -0.3776 
1311870445.8697 0.1344 -2.2518 1.4472 0.8222 -0.3867 0.1723 -0.3804 
1311870445.8997 0.1366 -2.2540 1.4470 0.8227 -0.3876 0.1687 -0.3802 
1311870445.9363 0.1403 -2.2566 1.4470 0.8234 -0.3861 0.1653 -0.3815 
1311870445.9697 0.1430 -2.2585 1.4466 0.8219 -0.3882 0.1629 -0.3838 
1311870445.9997 0.1465 -2.2612 1.4474 0.8222 -0.3881 0.1631 -0.3830 
1311870446.0364 0.1496 -2.2642 1.4480 0.8233 -0.3871 0.1629 -0.3819 
1311870446.0697 0.1531 -2.2672 1.4489 0.8248 -0.3835 0.1651 -0.3812 
1311870446.0997 0.1556 -2.2696 1.4491 0.8258 -0.3808 0.1650 -0.3819 
1311870446.1364 0.1593 -2.2730 1.4493 0.8259 -0.3785 0.1645 -0.3841 
1311870446.1697 0.1623 -2.2761 1.4496 0.8271 -0.3784 0.1618 -0.3828 
1311870446.1997 0.1659 -2.2789 1.4489 0.8249 -0.3770 0.1627 -0.3886 
1311870446.2364 0.1709 -2.2823 1.4494 0.8263 -0.3743 0.1619 -0.3884 
1311870446.2698 0.1742 -2.2862 1.4489 0.8265 -0.3745 0.1606 -0.3884 
1311870446.2998 0.1769 -2.2895 1.4479 0.8253 -0.3755 0.1588 -0.3907 
1311870446.3364 0.1816 -2.2936 1.4477 0.8275 -0.3734 0.1555 -0.3895 
1311870446.3697 0.1861 -2.2972 1.4468 0.8274 -0.3715 0.1541 -0.3920 
1311870446.3998 0.1895 -2.3011 1.4459 0.8272 -0.3733 0.1524 -0.3914 
1311870446.4364 0.1952 -2.3053 1.4459 0.8267 -0.3737 0.1527 -0.3919 
1311870446.4697 0.2010 -2.3080 1.4462 0.8240 -0.3738 0.1552 -0.3965 
1311870446.4997 0.2050 -2.3122 1.4466 0.8262 -0.3701 0.1547 -0.3956 
1311870446.5364 0.2092 -2.3180 1.4473 0.8293 -0.3644 0.1528 -0.3951 
1311870446.5697 0.2141 -2.3225 1.4485 0.8313 -0.3607 0.1501 -0.3954 
1311870446.5998 0.2189 -2.3263 1.4494 0.8318 -0.3564 0.1486 -0.3986 
1311870446.6364 0.2246 -2.3316 1.4502 0.8336 -0.3505 0.1478 -0.4006 
1311870446.6697 0.2291 -2.3367 1.4510 0.8369 -0.3438 0.1478 -0.3995 
1311870446.6998 0.2333 -2.3414 1.4514 0.8392 -0.3374 0.1471 -0.4003 
1311870446.7364 0.2382 -2.3476 1.4514 0.8426 -0.3301 0.1458 -0.3997 
1311870446.7698 0.2438 -2.3537 1.4519 0.8461 -0.3215 0.1450 -0.3996 
1311870446.7998 0.2479 -2.3592 1.4520 0.8466 -0.3153 0.1431 -0.4042 
1311870446.8397 0.2537 -2.3673 1.4526 0.8483 -0.3100 0.1423 -0.4050 
1311870446.8698 0.2585 -2.3732 1.4531 0.8512 -0.3054 0.1395 -0.4035 
1311870446.8998 0.2632 -2.3795 1.4535 0.8527 -0.3021 0.1375 -0.4034 
1311870446.9398 0.2690 -2.3875 1.4536 0.8553 -0.2986 0.1352 -0.4012 
1311870446.9698 0.2734 -2.3932 1.4541 0.8573 -0.2965 0.1350 -0.3986 
1311870446.9998 0.2775 -2.3988 1.4548 0.8590 -0.2925 0.1331 -0.3986 
1311870447.0364 0.2824 -2.4056 1.4554 0.8625 -0.2869 0.1323 -0.3954 
1311870447.0698 0.2871 -2.4112 1.4558 0.8642 -0.2832 0.1304 -0.3950 
1311870447.0998 0.2909 -2.4159 1.4564 0.8654 -0.2797 0.1302 -0.3947 
1311870447.1364 0.2954 -2.4213 1.4572 0.8678 -0.2752 0.1287 -0.3932 
1311870447.1698 0.2989 -2.4260 1.4580 0.8693 -0.2719 0.1281 -0.3924 
1311870447.1998 0.3018 -2.4288 1.4587 0.8691 -0.2685 0.1269 -0.3955 
1311870447.2365 0.3054 -2.4328 1.4598 0.8709 -0.2637 0.1259 -0.3951 
1311870447.2698 0.3083 -2.4358 1.4604 0.8718 -0.2601 0.1248 -0.3959 
1311870447.2998 0.3115 -2.4382 1.4613 0.8724 -0.2573 0.1252 -0.3964 
1311870447.3364 0.3154 -2.4412 1.4619 0.8736 -0.2554 0.1258 -0.3946 
1311870447.3698 0.3185 -2.4420 1.4622 0.8731 -0.2541 0.1254 -0.3967 
1311870447.4031 0.3216 -2.4431 1.4626 0.8728 -0.2550 0.1242 -0.3972 
1311870447.4365 0.3250 -2.4437 1.4631 0.8733 -0.2540 0.1224 -0.3973 
1311870447.4698 0.3281 -2.4436 1.4634 0.8749 -0.2521 0.1194 -0.3959 
1311870447.5065 0.3306 -2.4427 1.4637 0.8756 -0.2493 0.1160 -0.3972 
1311870447.5365 0.3332 -2.4422 1.4649 0.8769 -0.2460 0.1154 -0.3964 
1311870447.5698 0.3364 -2.4408 1.4659 0.8777 -0.2447 0.1171 -0.3951 
1311870447.6 0.3391 -2.4386 1.4666 0.8774 -0.2437 0.1187 -0.3958 
1311870447.6364 0.3427 -2.4361 1.4678 0.8778 -0.2443 0.1209 -0.3938 
1311870447.6698 0.3465 -2.4330 1.4692 0.8778 -0.2448 0.1230 -0.3930 
1311870447.7031 0.3500 -2.4297 1.4705 0.8781 -0.2462 0.1239 -0.3912 
1311870447.7365 0.3535 -2.4264 1.4722 0.8787 -0.2465 0.1235 -0.3897 
1311870447.7698 0.3569 -2.4232 1.4740 0.8805 -0.2457 0.1248 -0.3857 
1311870447.8031 0.3601 -2.4180 1.4755 0.8802 -0.2445 0.1250 -0.3870 
1311870447.8364 0.3628 -2.4132 1.4772 0.8807 -0.2444 0.1255 -0.3858 
1311870447.8698 0.3662 -2.4081 1.4790 0.8813 -0.2428 0.1263 -0.3852 
1311870447.9031 0.3692 -2.4028 1.4802 0.8831 -0.2434 0.1251 -0.3811 
1311870447.9365 0.3727 -2.3981 1.4815 0.8859 -0.2428 0.1246 -0.3751 
1311870447.9698 0.3763 -2.3920 1.4829 0.8859 -0.2431 0.1258 -0.3744 
1311870448.0031 0.3800 -2.3863 1.4844 0.8874 -0.2428 0.1247 -0.3714 
1311870448.0365 0.3838 -2.3805 1.4861 0.8871 -0.2436 0.1266 -0.3711 
1311870448.0698 0.3888 -2.3748 1.4885 0.8869 -0.2432 0.1304 -0.3704 
1311870448.1031 0.3931 -2.3688 1.4897 0.8858 -0.2478 0.1314 -0.3697 
1311870448.1365 0.3975 -2.3632 1.4916 0.8860 -0.2502 0.1328 -0.3671 
1311870448.1698 0.4017 -2.3567 1.4929 0.8868 -0.2513 0.1323 -0.3645 
1311870448.2031 0.4068 -2.3496 1.4942 0.8859 -0.2526 0.1343 -0.3652 
1311870448.2365 0.4109 -2.3430 1.4954 0.8854 -0.2567 0.1366 -0.3625 
1311870448.2698 0.4151 -2.3365 1.4963 0.8866 -0.2570 0.1358 -0.3598 
1311870448.3032 0.4194 -2.3297 1.4971 0.8881 -0.2582 0.1342 -0.3558 
1311870448.3365 0.4236 -2.3225 1.4975 0.8882 -0.2582 0.1333 -0.3558 
1311870448.3698 0.4274 -2.3155 1.4979 0.8890 -0.2584 0.1333 -0.3538 
1311870448.4032 0.4310 -2.3087 1.4985 0.8892 -0.2594 0.1334 -0.3524 
1311870448.4365 0.4346 -2.3015 1.4990 0.8885 -0.2599 0.1328 -0.3540 
1311870448.4699 0.4379 -2.2942 1.4989 0.8869 -0.2608 0.1352 -0.3566 
1311870448.4998 0.4412 -2.2887 1.4995 0.8884 -0.2593 0.1345 -0.3542 
1311870448.5365 0.4440 -2.2815 1.4994 0.8882 -0.2594 0.1331 -0.3550 
1311870448.5698 0.4466 -2.2754 1.4998 0.8896 -0.2596 0.1310 -0.3523 
1311870448.5999 0.4490 -2.2701 1.4998 0.8895 -0.2603 0.1304 -0.3523 
1311870448.6365 0.4521 -2.2634 1.4997 0.8910 -0.2578 0.1286 -0.3507 
1311870448.67 0.4545 -2.2582 1.4990 0.8891 -0.2604 0.1289 -0.3537 
1311870448.6999 0.4573 -2.2536 1.4986 0.8887 -0.2621 0.1299 -0.3530 
1311870448.7366 0.4602 -2.2486 1.4977 0.8898 -0.2629 0.1287 -0.3502 
1311870448.7698 0.4626 -2.2443 1.4972 0.8901 -0.2645 0.1267 -0.3488 
1311870448.8032 0.4653 -2.2398 1.4970 0.8909 -0.2661 0.1248 -0.3464 
1311870448.8365 0.4675 -2.2356 1.4970 0.8913 -0.2643 0.1226 -0.3475 
1311870448.8699 0.4699 -2.2315 1.4974 0.8922 -0.2630 0.1215 -0.3466 
1311870448.8999 0.4720 -2.2279 1.4979 0.8932 -0.2618 0.1210 -0.3449 
1311870448.9366 0.4745 -2.2239 1.4990 0.8930 -0.2610 0.1218 -0.3459 
1311870448.9698 0.4777 -2.2197 1.4999 0.8925 -0.2578 0.1195 -0.3504 
1311870448.9999 0.4795 -2.2164 1.5009 0.8935 -0.2567 0.1168 -0.3495 
1311870449.0366 0.4827 -2.2119 1.5020 0.8932 -0.2530 0.1158 -0.3531 
1311870449.0699 0.4854 -2.2088 1.5029 0.8940 -0.2491 0.1144 -0.3545 
1311870449.1002 0.4880 -2.2057 1.5036 0.8940 -0.2469 0.1121 -0.3569 
1311870449.1365 0.4912 -2.2019 1.5042 0.8945 -0.2412 0.1079 -0.3606 
1311870449.1699 0.4942 -2.1985 1.5045 0.8955 -0.2350 0.1039 -0.3635 
1311870449.1999 0.4972 -2.1958 1.5048 0.8961 -0.2300 0.1014 -0.3657 
1311870449.2366 0.5010 -2.1927 1.5052 0.8965 -0.2242 0.1000 -0.3688 
1311870449.2733 0.5054 -2.1899 1.5056 0.8971 -0.2179 0.0995 -0.3713 
1311870449.2999 0.5089 -2.1883 1.5057 0.8975 -0.2121 0.0994 -0.3736 
1311870449.3365 0.5143 -2.1860 1.5058 0.8977 -0.2038 0.0989 -0.3780 
1311870449.3732 0.5193 -2.1855 1.5062 0.8990 -0.1970 0.0949 -0.3796 
1311870449.4032 0.5242 -2.1850 1.5064 0.8998 -0.1895 0.0921 -0.3820 
1311870449.4366 0.5290 -2.1846 1.5064 0.9002 -0.1824 0.0887 -0.3854 
1311870449.4701 0.5348 -2.1847 1.5070 0.9010 -0.1740 0.0862 -0.3879 
1311870449.5032 0.5406 -2.1850 1.5075 0.9020 -0.1654 0.0821 -0.3903 
1311870449.5365 0.5467 -2.1850 1.5079 0.9028 -0.1553 0.0786 -0.3934 
1311870449.5699 0.5541 -2.1856 1.5092 0.9040 -0.1454 0.0762 -0.3948 
1311870449.6032 0.5606 -2.1859 1.5092 0.9050 -0.1381 0.0707 -0.3962 
1311870449.6399 0.5694 -2.1864 1.5097 0.9057 -0.1299 0.0668 -0.3980 
1311870449.6699 0.5766 -2.1873 1.5101 0.9067 -0.1227 0.0635 -0.3985 
1311870449.6999 0.5836 -2.1877 1.5100 0.9070 -0.1160 0.0600 -0.4003 
1311870449.7366 0.5921 -2.1870 1.5093 0.9073 -0.1046 0.0536 -0.4037 
1311870449.7699 0.5987 -2.1881 1.5084 0.9084 -0.1001 0.0505 -0.4028 
1311870449.8032 0.6056 -2.1889 1.5076 0.9088 -0.0935 0.0477 -0.4038 
1311870449.8366 0.6122 -2.1898 1.5064 0.9096 -0.0876 0.0455 -0.4035 
1311870449.8699 0.6183 -2.1905 1.5046 0.9096 -0.0828 0.0429 -0.4049 
1311870449.9 0.6234 -2.1913 1.5026 0.9100 -0.0783 0.0405 -0.4052 
1311870449.9365 0.6292 -2.1924 1.4994 0.9116 -0.0740 0.0368 -0.4027 
1311870449.9699 0.6345 -2.1933 1.4964 0.9123 -0.0705 0.0354 -0.4017 
1311870449.9999 0.6386 -2.1942 1.4938 0.9124 -0.0690 0.0341 -0.4020 
1311870450.0399 0.6437 -2.1960 1.4906 0.9129 -0.0659 0.0342 -0.4014 
1311870450.0699 0.6475 -2.1977 1.4882 0.9133 -0.0644 0.0350 -0.4007 
1311870450.0999 0.6507 -2.1996 1.4859 0.9132 -0.0648 0.0339 -0.4010 
1311870450.1366 0.6542 -2.2026 1.4831 0.9138 -0.0647 0.0310 -0.3997 
1311870450.1699 0.6560 -2.2056 1.4806 0.9144 -0.0654 0.0275 -0.3986 
1311870450.2033 0.6582 -2.2091 1.4781 0.9145 -0.0651 0.0265 -0.3984 
1311870450.2366 0.6603 -2.2125 1.4756 0.9144 -0.0631 0.0266 -0.3991 
1311870450.2699 0.6616 -2.2162 1.4732 0.9148 -0.0615 0.0254 -0.3984 
1311870450.3 0.6627 -2.2197 1.4713 0.9150 -0.0615 0.0235 -0.3979 
1311870450.3366 0.6648 -2.2243 1.4696 0.9155 -0.0596 0.0228 -0.3973 
1311870450.37 0.6644 -2.2286 1.4674 0.9152 -0.0598 0.0218 -0.3980 
1311870450.4 0.6643 -2.2329 1.4661 0.9153 -0.0603 0.0208 -0.3977 
1311870450.4366 0.6635 -2.2387 1.4647 0.9153 -0.0592 0.0169 -0.3980 
1311870450.4699 0.6622 -2.2442 1.4629 0.9159 -0.0573 0.0142 -0.3971 
1311870450.4999 0.6602 -2.2494 1.4611 0.9163 -0.0572 0.0122 -0.3961 
1311870450.5399 0.6585 -2.2564 1.4590 0.9166 -0.0541 0.0113 -0.3960 
1311870450.5699 0.6567 -2.2620 1.4575 0.9170 -0.0510 0.0102 -0.3954 
1311870450.6 0.6550 -2.2673 1.4561 0.9165 -0.0505 0.0098 -0.3967 
1311870450.6366 0.6527 -2.2754 1.4548 0.9171 -0.0480 0.0076 -0.3958 
1311870450.6699 0.6508 -2.2827 1.4535 0.9170 -0.0473 0.0028 -0.3960 
1311870450.7 0.6492 -2.2896 1.4523 0.9168 -0.0462 -0.0027 -0.3966 
1311870450.7366 0.6471 -2.2986 1.4508 0.9168 -0.0453 -0.0088 -0.3966 
1311870450.7699 0.6457 -2.3075 1.4499 0.9175 -0.0456 -0.0123 -0.3948 
1311870450.8033 0.6440 -2.3165 1.4490 0.9173 -0.0458 -0.0133 -0.3953 
1311870450.8399 0.6425 -2.3270 1.4486 0.9179 -0.0409 -0.0124 -0.3946 
1311870450.87 0.6416 -2.3353 1.4483 0.9177 -0.0383 -0.0099 -0.3953 
1311870450.9032 0.6408 -2.3446 1.4480 0.9167 -0.0379 -0.0089 -0.3976 
1311870450.9366 0.6404 -2.3538 1.4477 0.9158 -0.0373 -0.0097 -0.3997 
1311870450.9733 0.6401 -2.3647 1.4476 0.9161 -0.0369 -0.0121 -0.3991 
1311870451.0033 0.6398 -2.3735 1.4472 0.9164 -0.0364 -0.0147 -0.3983 
1311870451.0399 0.6401 -2.3841 1.4470 0.9166 -0.0371 -0.0150 -0.3978 
1311870451.07 0.6402 -2.3922 1.4468 0.9164 -0.0369 -0.0143 -0.3982 
1311870451.0999 0.6403 -2.4005 1.4466 0.9167 -0.0361 -0.0135 -0.3977 
1311870451.1399 0.6399 -2.4101 1.4462 0.9159 -0.0313 -0.0141 -0.3999 
1311870451.1699 0.6401 -2.4179 1.4462 0.9160 -0.0308 -0.0146 -0.3997 
1311870451.1999 0.6404 -2.4248 1.4458 0.9152 -0.0286 -0.0160 -0.4017 
1311870451.24 0.6413 -2.4347 1.4453 0.9159 -0.0304 -0.0189 -0.3998 
1311870451.27 0.6415 -2.4420 1.4449 0.9166 -0.0306 -0.0206 -0.3981 
1311870451.2999 0.6421 -2.4489 1.4444 0.9167 -0.0293 -0.0225 -0.3979 
1311870451.3366 0.6433 -2.4572 1.4440 0.9172 -0.0274 -0.0225 -0.3968 
1311870451.3733 0.6450 -2.4656 1.4440 0.9186 -0.0254 -0.0208 -0.3939 
1311870451.4 0.6466 -2.4715 1.4438 0.9186 -0.0235 -0.0202 -0.3940 
1311870451.44 0.6495 -2.4803 1.4437 0.9184 -0.0201 -0.0207 -0.3946 
1311870451.47 0.6523 -2.4856 1.4430 0.9170 -0.0169 -0.0229 -0.3978 
1311870451.5003 0.6556 -2.4934 1.4435 0.9199 -0.0162 -0.0223 -0.3913 
1311870451.5366 0.6593 -2.5008 1.4433 0.9189 -0.0142 -0.0242 -0.3936 
1311870451.57 0.6643 -2.5081 1.4434 0.9190 -0.0123 -0.0236 -0.3934 
1311870451.5999 0.6685 -2.5144 1.4432 0.9186 -0.0117 -0.0247 -0.3943 
1311870451.64 0.6753 -2.5225 1.4430 0.9186 -0.0088 -0.0270 -0.3943 
1311870451.6701 0.6806 -2.5283 1.4429 0.9184 -0.0056 -0.0298 -0.3946 
1311870451.7 0.6867 -2.5345 1.4431 0.9189 -0.0042 -0.0301 -0.3933 
1311870451.7401 0.6945 -2.5415 1.4426 0.9171 -0.0006 -0.0314 -0.3973 
1311870451.77 0.7010 -2.5464 1.4430 0.9162 0.0010 -0.0326 -0.3993 
1311870451.8 0.7081 -2.5523 1.4420 0.9158 0.0048 -0.0319 -0.4004 
1311870451.8433 0.7190 -2.5611 1.4406 0.9157 0.0103 -0.0318 -0.4005 
1311870451.8735 0.7262 -2.5668 1.4403 0.9165 0.0153 -0.0328 -0.3985 
1311870451.9 0.7332 -2.5712 1.4387 0.9151 0.0165 -0.0316 -0.4016 
1311870451.94 0.7433 -2.5797 1.4369 0.9167 0.0220 -0.0330 -0.3976 
1311870451.9733 0.7516 -2.5864 1.4353 0.9177 0.0254 -0.0360 -0.3949 
1311870452.0 0.7580 -2.5916 1.4337 0.9186 0.0287 -0.0363 -0.3925 
1311870452.0366 0.7671 -2.5994 1.4322 0.9196 0.0344 -0.0378 -0.3895 
1311870452.0733 0.7752 -2.6057 1.4308 0.9197 0.0415 -0.0415 -0.3883 
1311870452.1 0.7819 -2.6117 1.4306 0.9207 0.0438 -0.0394 -0.3858 
1311870452.1367 0.7899 -2.6174 1.4294 0.9192 0.0471 -0.0414 -0.3889 
1311870452.17 0.7971 -2.6235 1.4289 0.9190 0.0519 -0.0441 -0.3884 
1311870452.2 0.8032 -2.6290 1.4288 0.9185 0.0555 -0.0468 -0.3888 
1311870452.24 0.8109 -2.6359 1.4285 0.9183 0.0614 -0.0477 -0.3883 
1311870452.27 0.8171 -2.6406 1.4286 0.9169 0.0655 -0.0462 -0.3910 
1311870452.3 0.8226 -2.6457 1.4286 0.9173 0.0676 -0.0461 -0.3898 
1311870452.3367 0.8283 -2.6517 1.4286 0.9167 0.0710 -0.0480 -0.3904 
1311870452.37 0.8336 -2.6572 1.4289 0.9162 0.0751 -0.0505 -0.3903 
1311870452.4 0.8383 -2.6615 1.4291 0.9149 0.0777 -0.0521 -0.3926 
1311870452.4367 0.8432 -2.6671 1.4291 0.9147 0.0804 -0.0544 -0.3922 
1311870452.47 0.8474 -2.6726 1.4296 0.9156 0.0857 -0.0593 -0.3884 
1311870452.5001 0.8508 -2.6770 1.4298 0.9155 0.0914 -0.0642 -0.3866 
1311870452.54 0.8554 -2.6828 1.4303 0.9158 0.0966 -0.0687 -0.3837 
1311870452.57 0.8585 -2.6865 1.4306 0.9149 0.0989 -0.0683 -0.3853 
1311870452.6001 0.8616 -2.6901 1.4312 0.9146 0.1016 -0.0649 -0.3859 
1311870452.6467 0.8671 -2.6950 1.4323 0.9128 0.1058 -0.0651 -0.3890 
1311870452.67 0.8686 -2.6966 1.4322 0.9109 0.1038 -0.0656 -0.3940 
1311870452.7001 0.8725 -2.7001 1.4332 0.9121 0.1078 -0.0680 -0.3897 
1311870452.74 0.8767 -2.7033 1.4338 0.9114 0.1113 -0.0712 -0.3898 
1311870452.7701 0.8802 -2.7056 1.4342 0.9114 0.1118 -0.0725 -0.3893 
1311870452.8 0.8839 -2.7070 1.4341 0.9107 0.1113 -0.0719 -0.3914 
1311870452.8367 0.8883 -2.7089 1.4339 0.9106 0.1123 -0.0714 -0.3913 
1311870452.8701 0.8923 -2.7099 1.4334 0.9102 0.1128 -0.0724 -0.3920 
1311870452.9 0.8960 -2.7108 1.4331 0.9096 0.1143 -0.0741 -0.3925 
1311870452.94 0.9011 -2.7116 1.4322 0.9101 0.1171 -0.0757 -0.3903 
1311870452.97 0.9050 -2.7114 1.4313 0.9098 0.1192 -0.0759 -0.3903 
1311870453.0 0.9089 -2.7114 1.4306 0.9100 0.1207 -0.0761 -0.3893 
1311870453.04 0.9148 -2.7112 1.4304 0.9100 0.1231 -0.0747 -0.3889 
1311870453.07 0.9189 -2.7105 1.4300 0.9095 0.1246 -0.0740 -0.3897 
1311870453.1067 0.9240 -2.7093 1.4299 0.9081 0.1279 -0.0758 -0.3914 
1311870453.1367 0.9292 -2.7087 1.4301 0.9082 0.1294 -0.0767 -0.3906 
1311870453.17 0.9344 -2.7085 1.4301 0.9095 0.1310 -0.0802 -0.3863 
1311870453.21 0.9410 -2.7048 1.4289 0.9074 0.1298 -0.0806 -0.3915 
1311870453.2401 0.9459 -2.7029 1.4282 0.9080 0.1326 -0.0817 -0.3889 
1311870453.27 0.9512 -2.7006 1.4273 0.9079 0.1356 -0.0815 -0.3881 
1311870453.3067 0.9585 -2.6969 1.4263 0.9076 0.1382 -0.0826 -0.3877 
1311870453.34 0.9655 -2.6935 1.4260 0.9087 0.1411 -0.0818 -0.3843 
1311870453.37 0.9717 -2.6910 1.4253 0.9098 0.1396 -0.0833 -0.3818 
1311870453.4068 0.9792 -2.6875 1.4253 0.9110 0.1376 -0.0845 -0.3794 
1311870453.4368 0.9853 -2.6849 1.4257 0.9111 0.1391 -0.0867 -0.3782 
1311870453.4701 0.9912 -2.6819 1.4269 0.9106 0.1443 -0.0880 -0.3772 
1311870453.5067 0.9980 -2.6803 1.4289 0.9095 0.1484 -0.0892 -0.3780 
1311870453.5368 1.0036 -2.6778 1.4307 0.9075 0.1495 -0.0880 -0.3824 
1311870453.5701 1.0089 -2.6763 1.4322 0.9056 0.1526 -0.0900 -0.3854 
1311870453.6101 1.0157 -2.6741 1.4331 0.9026 0.1555 -0.0939 -0.3902 
1311870453.6367 1.0202 -2.6730 1.4333 0.9017 0.1575 -0.0947 -0.3914 
1311870453.6701 1.0251 -2.6718 1.4329 0.9007 0.1597 -0.0971 -0.3922 
1311870453.7101 1.0306 -2.6700 1.4315 0.9006 0.1568 -0.0965 -0.3937 
1311870453.7367 1.0341 -2.6697 1.4307 0.9006 0.1591 -0.0976 -0.3924 
1311870453.7702 1.0378 -2.6690 1.4301 0.9001 0.1614 -0.0975 -0.3928 
1311870453.8101 1.0419 -2.6683 1.4294 0.8987 0.1658 -0.0981 -0.3939 
1311870453.8368 1.0446 -2.6680 1.4289 0.8984 0.1664 -0.0983 -0.3943 
1311870453.8701 1.0476 -2.6674 1.4279 0.8980 0.1673 -0.1016 -0.3941 
1311870453.9067 1.0500 -2.6656 1.4257 0.8969 0.1704 -0.1063 -0.3940 
1311870453.9367 1.0526 -2.6666 1.4245 0.8994 0.1710 -0.1072 -0.3878 
1311870453.9701 1.0541 -2.6654 1.4226 0.8987 0.1730 -0.1105 -0.3876 
1311870454.0067 1.0566 -2.6648 1.4214 0.8986 0.1751 -0.1115 -0.3867 
1311870454.0367 1.0577 -2.6637 1.4204 0.8963 0.1783 -0.1166 -0.3889 
1311870454.0636 1.0593 -2.6634 1.4199 0.8955 0.1806 -0.1197 -0.3887 
1311870454.1067 1.0622 -2.6632 1.4193 0.8945 0.1834 -0.1255 -0.3880 
1311870454.1368 1.0643 -2.6630 1.4190 0.8940 0.1847 -0.1281 -0.3876 
1311870454.17 1.0664 -2.6631 1.4192 0.8933 0.1885 -0.1310 -0.3865 
1311870454.2102 1.0701 -2.6633 1.4191 0.8924 0.1938 -0.1325 -0.3853 
1311870454.2368 1.0720 -2.6633 1.4193 0.8921 0.1946 -0.1351 -0.3848 
1311870454.2701 1.0746 -2.6635 1.4187 0.8907 0.1972 -0.1358 -0.3863 
1311870454.3101 1.0787 -2.6644 1.4185 0.8905 0.2029 -0.1369 -0.3835 
1311870454.3368 1.0812 -2.6643 1.4181 0.8890 0.2057 -0.1410 -0.3841 
1311870454.3701 1.0839 -2.6650 1.4170 0.8882 0.2077 -0.1451 -0.3832 
1311870454.4068 1.0883 -2.6670 1.4164 0.8896 0.2115 -0.1457 -0.3777 
1311870454.4368 1.0909 -2.6672 1.4155 0.8874 0.2146 -0.1487 -0.3799 
1311870454.4701 1.0947 -2.6684 1.4149 0.8865 0.2166 -0.1488 -0.3808 
1311870454.5067 1.0989 -2.6701 1.4145 0.8862 0.2192 -0.1509 -0.3793 
1311870454.5368 1.1031 -2.6713 1.4141 0.8860 0.2227 -0.1514 -0.3775 
1311870454.5702 1.1077 -2.6724 1.4138 0.8852 0.2256 -0.1526 -0.3772 
1311870454.6068 1.1132 -2.6737 1.4139 0.8855 0.2281 -0.1512 -0.3754 
1311870454.6368 1.1175 -2.6742 1.4133 0.8845 0.2309 -0.1519 -0.3759 
1311870454.6701 1.1225 -2.6744 1.4130 0.8837 0.2330 -0.1512 -0.3767 
1311870454.7068 1.1281 -2.6747 1.4124 0.8836 0.2348 -0.1496 -0.3765 
1311870454.7368 1.1328 -2.6750 1.4119 0.8835 0.2383 -0.1484 -0.3749 
1311870454.7702 1.1380 -2.6752 1.4116 0.8832 0.2409 -0.1470 -0.3745 
1311870454.8035 1.1430 -2.6758 1.4111 0.8825 0.2427 -0.1475 -0.3749 
1311870454.8369 1.1482 -2.6765 1.4109 0.8826 0.2444 -0.1473 -0.3736 
1311870454.8701 1.1532 -2.6770 1.4111 0.8822 0.2471 -0.1479 -0.3725 
1311870454.9035 1.1580 -2.6774 1.4111 0.8811 0.2497 -0.1493 -0.3730 
1311870454.9368 1.1628 -2.6780 1.4114 0.8810 0.2510 -0.1482 -0.3727 
1311870454.9701 1.1670 -2.6786 1.4117 0.8804 0.2544 -0.1476 -0.3721 
1311870455.0035 1.1708 -2.6793 1.4119 0.8792 0.2557 -0.1479 -0.3738 
1311870455.0368 1.1746 -2.6801 1.4121 0.8780 0.2588 -0.1493 -0.3740 
1311870455.0701 1.1778 -2.6807 1.4121 0.8778 0.2591 -0.1485 -0.3746 
1311870455.1035 1.1812 -2.6815 1.4123 0.8771 0.2612 -0.1498 -0.3742 
1311870455.1368 1.1839 -2.6820 1.4125 0.8757 0.2632 -0.1509 -0.3756 
1311870455.1702 1.1874 -2.6826 1.4127 0.8750 0.2640 -0.1515 -0.3764 
1311870455.2035 1.1901 -2.6830 1.4130 0.8744 0.2647 -0.1526 -0.3770 
1311870455.2368 1.1934 -2.6835 1.4128 0.8740 0.2655 -0.1525 -0.3774 
1311870455.2702 1.1964 -2.6836 1.4128 0.8736 0.2657 -0.1528 -0.3779 
1311870455.3035 1.1988 -2.6838 1.4132 0.8738 0.2651 -0.1536 -0.3775 
1311870455.3368 1.2019 -2.6839 1.4130 0.8734 0.2650 -0.1536 -0.3786 
1311870455.3702 1.2040 -2.6841 1.4126 0.8730 0.2656 -0.1545 -0.3787 
1311870455.4035 1.2063 -2.6846 1.4125 0.8729 0.2673 -0.1552 -0.3775 
1311870455.4368 1.2087 -2.6849 1.4123 0.8725 0.2685 -0.1547 -0.3779 
1311870455.4701 1.2119 -2.6854 1.4129 0.8724 0.2704 -0.1540 -0.3769 
1311870455.5035 1.2130 -2.6853 1.4133 0.8713 0.2687 -0.1559 -0.3798 
1311870455.5368 1.2154 -2.6852 1.4133 0.8700 0.2695 -0.1581 -0.3815 
1311870455.5702 1.2176 -2.6854 1.4138 0.8703 0.2697 -0.1597 -0.3800 
1311870455.6035 1.2195 -2.6852 1.4136 0.8701 0.2692 -0.1608 -0.3804 
1311870455.6368 1.2215 -2.6851 1.4133 0.8695 0.2695 -0.1615 -0.3810 
1311870455.6702 1.2234 -2.6859 1.4131 0.8699 0.2702 -0.1622 -0.3794 
1311870455.7035 1.2249 -2.6854 1.4124 0.8696 0.2696 -0.1619 -0.3807 
1311870455.7369 1.2265 -2.6856 1.4123 0.8696 0.2705 -0.1620 -0.3800 
1311870455.7701 1.2283 -2.6854 1.4119 0.8688 0.2705 -0.1640 -0.3810 
1311870455.8035 1.2299 -2.6854 1.4117 0.8685 0.2705 -0.1654 -0.3810 
1311870455.8369 1.2316 -2.6856 1.4119 0.8692 0.2700 -0.1641 -0.3805 
1311870455.8702 1.2336 -2.6854 1.4118 0.8678 0.2730 -0.1663 -0.3803 
1311870455.9068 1.2346 -2.6848 1.4114 0.8666 0.2732 -0.1664 -0.3830 
1311870455.9368 1.2365 -2.6842 1.4116 0.8661 0.2743 -0.1666 -0.3832 
1311870455.9702 1.2372 -2.6838 1.4111 0.8654 0.2733 -0.1690 -0.3844 
1311870456.0068 1.2396 -2.6839 1.4116 0.8670 0.2728 -0.1671 -0.3819 
1311870456.0368 1.2412 -2.6834 1.4117 0.8662 0.2717 -0.1684 -0.3842 
1311870456.0702 1.2425 -2.6828 1.4116 0.8655 0.2749 -0.1695 -0.3829 
1311870456.1035 1.2436 -2.6823 1.4113 0.8654 0.2744 -0.1697 -0.3834 
1311870456.1368 1.2446 -2.6818 1.4113 0.8647 0.2748 -0.1701 -0.3846 
1311870456.1702 1.2464 -2.6816 1.4109 0.8649 0.2749 -0.1709 -0.3837 
1311870456.2035 1.2479 -2.6812 1.4107 0.8647 0.2756 -0.1717 -0.3833 
1311870456.2369 1.2496 -2.6811 1.4110 0.8657 0.2762 -0.1694 -0.3817 
1311870456.2702 1.2506 -2.6802 1.4099 0.8645 0.2769 -0.1713 -0.3829 
1311870456.3035 1.2517 -2.6800 1.4094 0.8642 0.2773 -0.1711 -0.3834 
1311870456.3369 1.2533 -2.6801 1.4091 0.8644 0.2771 -0.1711 -0.3831 
1311870456.3702 1.2549 -2.6804 1.4087 0.8646 0.2782 -0.1720 -0.3814 
1311870456.4036 1.2564 -2.6803 1.4081 0.8644 0.2785 -0.1721 -0.3817 
1311870456.4369 1.2576 -2.6804 1.4076 0.8642 0.2787 -0.1721 -0.3819 
1311870456.4702 1.2590 -2.6805 1.4072 0.8641 0.2783 -0.1719 -0.3826 
1311870456.5036 1.2603 -2.6805 1.4071 0.8644 0.2778 -0.1719 -0.3822 
1311870456.5369 1.2623 -2.6809 1.4071 0.8645 0.2775 -0.1729 -0.3818 
1311870456.5702 1.2638 -2.6811 1.4068 0.8640 0.2785 -0.1733 -0.3820 
1311870456.6037 1.2654 -2.6815 1.4069 0.8640 0.2800 -0.1728 -0.3812 
1311870456.6369 1.2666 -2.6819 1.4067 0.8637 0.2805 -0.1735 -0.3810 
1311870456.6702 1.2681 -2.6825 1.4066 0.8636 0.2816 -0.1731 -0.3807 
1311870456.7036 1.2703 -2.6832 1.4069 0.8636 0.2831 -0.1712 -0.3805 
1311870456.737 1.2724 -2.6838 1.4069 0.8639 0.2835 -0.1699 -0.3801 
1311870456.7703 1.2741 -2.6840 1.4069 0.8639 0.2828 -0.1694 -0.3807 
1311870456.8036 1.2754 -2.6841 1.4067 0.8643 0.2828 -0.1690 -0.3802 
1311870456.8369 1.2770 -2.6844 1.4063 0.8654 0.2825 -0.1680 -0.3782 
1311870456.8702 1.2782 -2.6844 1.4055 0.8663 0.2813 -0.1669 -0.3777 
1311870456.9035 1.2794 -2.6847 1.4047 0.8673 0.2810 -0.1655 -0.3760 
1311870456.9368 1.2801 -2.6850 1.4038 0.8680 0.2815 -0.1641 -0.3746 
1311870456.9702 1.2807 -2.6855 1.4027 0.8683 0.2816 -0.1633 -0.3742 
1311870457.0036 1.2806 -2.6865 1.4019 0.8688 0.2827 -0.1643 -0.3719 
1311870457.0369 1.2808 -2.6873 1.4010 0.8694 0.2859 -0.1625 -0.3689 
1311870457.0703 1.2797 -2.6880 1.4005 0.8695 0.2845 -0.1631 -0.3694 
1311870457.1035 1.2796 -2.6886 1.3996 0.8690 0.2861 -0.1624 -0.3695 
1311870457.1369 1.2786 -2.6889 1.3987 0.8679 0.2863 -0.1619 -0.3723 
1311870457.1702 1.2786 -2.6898 1.3985 0.8678 0.2884 -0.1628 -0.3705 
1311870457.2037 1.2781 -2.6900 1.3979 0.8671 0.2885 -0.1631 -0.3718 
1311870457.2369 1.2775 -2.6903 1.3979 0.8667 0.2887 -0.1654 -0.3716 
1311870457.2703 1.2758 -2.6896 1.3972 0.8656 0.2869 -0.1671 -0.3749 
1311870457.3036 1.2758 -2.6900 1.3976 0.8657 0.2893 -0.1702 -0.3712 
1311870457.3369 1.2748 -2.6897 1.3976 0.8663 0.2891 -0.1714 -0.3695 
1311870457.3702 1.2736 -2.6895 1.3976 0.8669 0.2895 -0.1718 -0.3676 
1311870457.4036 1.2719 -2.6893 1.3975 0.8672 0.2900 -0.1719 -0.3664 
1311870457.4369 1.2701 -2.6892 1.3974 0.8665 0.2903 -0.1719 -0.3679 
1311870457.4702 1.2683 -2.6895 1.3972 0.8661 0.2915 -0.1714 -0.3682 
1311870457.5036 1.2661 -2.6898 1.3971 0.8651 0.2929 -0.1727 -0.3687 
1311870457.5369 1.2647 -2.6907 1.3975 0.8648 0.2942 -0.1744 -0.3676 
1311870457.5703 1.2634 -2.6916 1.3982 0.8646 0.2951 -0.1769 -0.3662 
1311870457.6036 1.2617 -2.6922 1.3982 0.8635 0.2952 -0.1795 -0.3674 
1311870457.6369 1.2603 -2.6929 1.3983 0.8633 0.2959 -0.1802 -0.3670 
1311870457.6703 1.2590 -2.6932 1.3983 0.8624 0.2970 -0.1812 -0.3678 
1311870457.7036 1.2580 -2.6938 1.3983 0.8623 0.2970 -0.1813 -0.3679 
1311870457.7369 1.2572 -2.6940 1.3976 0.8622 0.2976 -0.1807 -0.3680 
1311870457.7702 1.2565 -2.6943 1.3974 0.8621 0.2979 -0.1805 -0.3680 
1311870457.8036 1.2560 -2.6945 1.3973 0.8625 0.2979 -0.1799 -0.3673 
1311870457.8369 1.2553 -2.6947 1.3974 0.8622 0.2982 -0.1803 -0.3677 
1311870457.8703 1.2547 -2.6950 1.3976 0.8622 0.2982 -0.1803 -0.3676 
1311870457.9036 1.2544 -2.6956 1.3981 0.8622 0.2983 -0.1815 -0.3671 
1311870457.9369 1.2542 -2.6958 1.3983 0.8614 0.2991 -0.1823 -0.3678 
1311870457.9703 1.2536 -2.6970 1.3983 0.8616 0.2984 -0.1827 -0.3678 
1311870458.0036 1.2535 -2.6972 1.3979 0.8609 0.3000 -0.1819 -0.3684 
1311870458.0371 1.2529 -2.6980 1.3973 0.8617 0.2993 -0.1813 -0.3675 
1311870458.0703 1.2526 -2.6980 1.3964 0.8615 0.3016 -0.1815 -0.3659 
1311870458.1069 1.2524 -2.6978 1.3961 0.8609 0.3008 -0.1818 -0.3677 
1311870458.137 1.2524 -2.6989 1.3956 0.8628 0.2986 -0.1821 -0.3652 
1311870458.1703 1.2529 -2.6989 1.3951 0.8624 0.2971 -0.1836 -0.3665 
1311870458.2069 1.2541 -2.6994 1.3948 0.8637 0.2946 -0.1833 -0.3655 
1311870458.2371 1.2547 -2.6997 1.3942 0.8649 0.2930 -0.1841 -0.3635 
1311870458.2703 1.2546 -2.6994 1.3929 0.8645 0.2923 -0.1873 -0.3636 
1311870458.3036 1.2558 -2.6997 1.3921 0.8657 0.2915 -0.1858 -0.3621 
1311870458.337 1.2567 -2.6998 1.3916 0.8663 0.2914 -0.1834 -0.3618 
1311870458.3703 1.2576 -2.6995 1.3916 0.8668 0.2886 -0.1820 -0.3636 
1311870458.4036 1.2585 -2.6993 1.3919 0.8674 0.2862 -0.1819 -0.3643 
1311870458.437 1.2590 -2.6990 1.3926 0.8674 0.2854 -0.1819 -0.3648 
1311870458.4703 1.2603 -2.6991 1.3937 0.8677 0.2849 -0.1813 -0.3647 
1311870458.5037 1.2614 -2.6999 1.3951 0.8684 0.2844 -0.1790 -0.3647 
1311870458.537 1.2623 -2.7007 1.3962 0.8675 0.2857 -0.1777 -0.3663 
1311870458.5704 1.2633 -2.7017 1.3972 0.8667 0.2876 -0.1778 -0.3668 
1311870458.6037 1.2647 -2.7020 1.3980 0.8668 0.2887 -0.1783 -0.3655 
1311870458.637 1.2656 -2.7026 1.3977 0.8671 0.2879 -0.1779 -0.3654 
1311870458.6704 1.2667 -2.7022 1.3972 0.8677 0.2868 -0.1766 -0.3655 
1311870458.7037 1.2684 -2.7019 1.3966 0.8692 0.2849 -0.1745 -0.3646 
1311870458.737 1.2698 -2.7017 1.3960 0.8705 0.2827 -0.1724 -0.3643 
1311870458.7703 1.2708 -2.7012 1.3955 0.8710 0.2812 -0.1715 -0.3645 
1311870458.8037 1.2724 -2.7010 1.3953 0.8709 0.2812 -0.1712 -0.3648 
1311870458.8369 1.2740 -2.7001 1.3954 0.8719 0.2804 -0.1711 -0.3633 
1311870458.8702 1.2752 -2.6987 1.3950 0.8735 0.2776 -0.1703 -0.3617 
1311870458.9069 1.2759 -2.6965 1.3944 0.8748 0.2746 -0.1699 -0.3612 
1311870458.9369 1.2766 -2.6945 1.3942 0.8757 0.2738 -0.1700 -0.3596 
1311870458.9703 1.2764 -2.6917 1.3936 0.8761 0.2714 -0.1687 -0.3611 
1311870459.0038 1.2765 -2.6886 1.3934 0.8767 0.2690 -0.1675 -0.3620 
1311870459.0369 1.2766 -2.6860 1.3937 0.8778 0.2672 -0.1674 -0.3605 
1311870459.0703 1.2781 -2.6833 1.3940 0.8790 0.2702 -0.1672 -0.3555 
1311870459.1037 1.2760 -2.6789 1.3938 0.8791 0.2635 -0.1663 -0.3607 
1311870459.137 1.2753 -2.6751 1.3946 0.8799 0.2624 -0.1656 -0.3600 
1311870459.1703 1.2746 -2.6713 1.3958 0.8806 0.2620 -0.1651 -0.3586 
1311870459.2038 1.2734 -2.6670 1.3971 0.8805 0.2601 -0.1647 -0.3604 
1311870459.237 1.2720 -2.6626 1.3987 0.8799 0.2594 -0.1644 -0.3625 
1311870459.2703 1.2718 -2.6591 1.4012 0.8808 0.2609 -0.1628 -0.3599 
1311870459.3037 1.2699 -2.6539 1.4032 0.8803 0.2566 -0.1606 -0.3654 
1311870459.337 1.2692 -2.6490 1.4059 0.8802 0.2548 -0.1583 -0.3679 
1311870459.3704 1.2683 -2.6444 1.4097 0.8800 0.2535 -0.1578 -0.3695 
1311870459.4037 1.2676 -2.6398 1.4133 0.8792 0.2536 -0.1575 -0.3714 
1311870459.437 1.2676 -2.6347 1.4175 0.8785 0.2524 -0.1556 -0.3745 
1311870459.4704 1.2676 -2.6313 1.4215 0.8769 0.2489 -0.1555 -0.3807 
1311870459.5037 1.2679 -2.6278 1.4256 0.8764 0.2471 -0.1551 -0.3831 
1311870459.537 1.2689 -2.6250 1.4292 0.8757 0.2447 -0.1553 -0.3861 
1311870459.5704 1.2699 -2.6223 1.4327 0.8750 0.2418 -0.1545 -0.3898 
1311870459.6037 1.2708 -2.6202 1.4359 0.8741 0.2397 -0.1539 -0.3935 
1311870459.6371 1.2724 -2.6187 1.4392 0.8737 0.2381 -0.1526 -0.3958 
1311870459.6704 1.2740 -2.6173 1.4421 0.8725 0.2360 -0.1534 -0.3994 
1311870459.7037 1.2758 -2.6164 1.4449 0.8721 0.2349 -0.1547 -0.4005 
1311870459.737 1.2785 -2.6157 1.4477 0.8718 0.2338 -0.1549 -0.4016 
1311870459.7704 1.2813 -2.6159 1.4510 0.8703 0.2327 -0.1572 -0.4045 
1311870459.8037 1.2851 -2.6162 1.4542 0.8691 0.2336 -0.1583 -0.4062 
1311870459.837 1.2892 -2.6169 1.4570 0.8682 0.2313 -0.1581 -0.4095 
1311870459.871 1.2949 -2.6189 1.4602 0.8675 0.2302 -0.1588 -0.4114 
1311870459.9037 1.3005 -2.6206 1.4620 0.8653 0.2318 -0.1619 -0.4139 
1311870459.937 1.3071 -2.6230 1.4638 0.8640 0.2349 -0.1635 -0.4142 
1311870459.9704 1.3142 -2.6258 1.4650 0.8627 0.2375 -0.1630 -0.4156 
1311870460.0038 1.3217 -2.6286 1.4658 0.8620 0.2391 -0.1597 -0.4175 
1311870460.037 1.3300 -2.6317 1.4661 0.8608 0.2416 -0.1580 -0.4191 
1311870460.0704 1.3387 -2.6352 1.4659 0.8612 0.2428 -0.1568 -0.4180 
1311870460.1038 1.3481 -2.6385 1.4650 0.8612 0.2454 -0.1565 -0.4168 
1311870460.1371 1.3579 -2.6421 1.4642 0.8622 0.2477 -0.1566 -0.4132 
1311870460.1704 1.3679 -2.6454 1.4630 0.8610 0.2501 -0.1585 -0.4136 
1311870460.2038 1.3782 -2.6486 1.4624 0.8617 0.2502 -0.1567 -0.4127 
1311870460.237 1.3892 -2.6522 1.4614 0.8626 0.2506 -0.1555 -0.4110 
1311870460.2704 1.3996 -2.6559 1.4600 0.8635 0.2507 -0.1553 -0.4091 
1311870460.3038 1.4106 -2.6599 1.4582 0.8647 0.2515 -0.1543 -0.4066 
1311870460.3371 1.4212 -2.6642 1.4561 0.8666 0.2529 -0.1504 -0.4029 
1311870460.3704 1.4315 -2.6684 1.4537 0.8667 0.2535 -0.1479 -0.4033 
1311870460.4038 1.4421 -2.6729 1.4517 0.8679 0.2543 -0.1423 -0.4023 
1311870460.437 1.4522 -2.6781 1.4499 0.8694 0.2558 -0.1350 -0.4005 
1311870460.4704 1.4617 -2.6832 1.4478 0.8703 0.2573 -0.1294 -0.3997 
1311870460.5039 1.4710 -2.6877 1.4455 0.8722 0.2563 -0.1238 -0.3978 
